a)
[[-1, -1, -1, -1, -1, -1, -1, -1, 1, 1], [-1, -1, -1, -1, -1, -1, -1, -1, 1, 1], [1, 1, 1, 1, 1, -1, -1, -1, 1, 1], [1, 1, 1, 1, 1, -1, -1, -1, 1, 1], [1, 1, 1, 1, 1, -1, -1, -1, 1, 1], [1, 1, 1, 1, 1, -1, -1, -1, 1, 1], [1, 1, 1, 1, 1, -1, -1, -1, 1, 1], [-1, -1, -1, -1, -1, -1, -1, -1, 1, 1], [-1, -1, -1, -1, -1, -1, -1, -1, 1, 1], [-1, -1, -1, 1, 1, 1, 1, 1, 1, 1], [-1, -1, -1, 1, 1, 1, 1, 1, 1, 1], [-1, -1, -1, 1, 1, 1, 1, 1, 1, 1], [-1, -1, -1, 1, 1, 1, 1, 1, 1, 1], [-1, -1, -1, 1, 1, 1, 1, 1, 1, 1], [-1, -1, -1, -1, -1, -1, -1, -1, 1, 1], [-1, -1, -1, -1, -1, -1, -1, -1, 1, 1]]

-3



b)

[[-1,-1,-1,1,1,1,1,-1,-1,-1],[-1,-1,-1,1,1,1,1,-1,-1,-1],[-1,-1,-1,1,1,1,1,1,-1,-1],[-1,-1,-1,1,-1,1,1,1,-1,-1],[-1,-1,-1,1,-1,1,1,1,-1,-1],[-1,-1,-1,1,-1,1,1,1,-1,-1],[-1,-1,-1,1,-1,1,1,1,-1,-1],[-1,-1,1,1,1,1,1,1,-1,-1],[-1,-1,1,1,1,1,1,1,-1,-1],[-1,1,1,1,-1,-1,1,-1,-1,-1],[-1,1,1,1,-1,-1,1,-1,-1,-1],[-1,1,1,1,-1,-1,1,-1,-1,-1],[-1,1,1,1,-1,-1,1,-1,-1,-1],[-1,-1,1,1,1,1,1,-1,-1,-1],[-1,-1,-1,1,1,1,1,-1,-1,-1],[-1,-1,-1,1,1,1,1,-1,-1,-1]]

6



c)


[[-1,1,1,-1,-1,-1,-1,1,1,-1],[-1,1,1,-1,-1,-1,-1,1,1,-1],[-1,1,1,-1,-1,-1,-1,1,1,-1],[-1,1,1,-1,-1,-1,-1,1,1,-1],[-1,1,1,-1,-1,-1,-1,1,1,-1],[-1,1,1,-1,-1,-1,-1,1,1,-1],[-1,1,1,-1,-1,-1,-1,1,1,-1],[-1,1,1,1,1,1,1,1,1,-1],[-1,1,1,1,1,1,1,1,1,-1],[-1,-1,-1,-1,-1,-1,-1,1,1,-1],[-1,-1,-1,-1,-1,-1,-1,1,1,-1],[-1,-1,-1,-1,-1,-1,-1,1,1,-1],[-1,-1,-1,-1,-1,-1,-1,1,1,-1],[-1,-1,-1,-1,-1,-1,-1,1,1,-1],[-1,-1,-1,-1,-1,-1,-1,1,1,-1],[-1,-1,-1,-1,-1,-1,-1,1,1,-1]]


5
