0	0
1	0
2	0
3	0
4	0
5	0
6	0
7	0
8	0
9	0
10	0
11	0
12	0
13	0
14	0
15	0
16	0
17	0
18	0
19	0
20	0
21	0
22	0
23	0
24	0
25	0
26	0
27	0
28	0
29	0
30	0
31	0
32	0
33	0
34	0
35	0
36	0
37	0
38	0
39	0
40	0
41	0
42	0
43	0
44	0
45	0
46	0
47	0
48	0
49	0
50	0
51	0
52	0
53	0
54	0
55	177
56	163
57	169
58	179
59	169
60	176
61	189
62	175
63	195
64	187
65	170
66	196
67	166
68	180
69	199
70	201
71	179
72	199
73	175
74	194
75	167
76	211
77	191
78	182
79	174
80	202
81	198
82	195
83	200
84	168
85	170
86	188
87	201
88	186
89	219
90	203
91	203
92	213
93	193
94	195
95	191
96	214
97	199
98	195
99	168
100	204
101	206
102	206
103	220
104	214
105	232
106	199
107	190
108	194
109	188
110	219
111	188
112	205
113	186
114	210
115	209
116	216
117	204
118	203
119	219
120	219
121	220
122	207
123	215
124	214
125	225
126	205
127	225
128	196
129	185
130	263
131	229
132	235
133	211
134	216
135	230
136	214
137	224
138	215
139	227
140	191
141	225
142	210
143	232
144	226
145	202
146	217
147	229
148	203
149	233
150	243
151	232
152	248
153	203
154	246
155	224
156	238
157	235
158	205
159	235
160	209
161	265
162	216
163	230
164	259
165	225
166	252
167	213
168	238
169	236
170	231
171	234
172	258
173	201
174	246
175	242
176	208
177	233
178	242
179	257
180	224
181	258
182	244
183	242
184	270
185	237
186	235
187	238
188	239
189	236
190	253
191	279
192	229
193	238
194	243
195	244
196	254
197	224
198	255
199	241
200	233
201	252
202	240
203	237
204	281
205	287
206	244
207	277
208	275
209	243
210	248
211	257
212	260
213	218
214	254
215	257
216	233
217	264
218	253
219	263
220	265
221	250
222	265
223	237
224	254
225	272
226	256
227	252
228	244
229	261
230	277
231	292
232	257
233	281
234	222
235	279
236	267
237	260
238	260
239	260
240	272
241	255
242	253
243	267
244	299
245	250
246	300
247	274
248	232
249	235
250	286
251	274
252	258
253	276
254	282
255	293
256	281
257	268
258	274
259	302
260	252
261	248
262	283
263	278
264	287
265	310
266	271
267	257
268	261
269	299
270	293
271	284
272	293
273	281
274	314
275	318
276	277
277	301
278	271
279	308
280	313
281	293
282	329
283	276
284	278
285	257
286	258
287	301
288	275
289	300
290	301
291	302
292	299
293	299
294	284
295	314
296	282
297	310
298	321
299	311
300	297
301	288
302	293
303	304
304	275
305	277
306	286
307	324
308	295
309	310
310	289
311	307
312	272
313	315
314	299
315	293
316	338
317	296
318	302
319	302
320	296
321	303
322	317
323	311
324	308
325	313
326	319
327	263
328	322
329	329
330	312
331	295
332	324
333	333
334	299
335	336
336	312
337	264
338	311
339	334
340	343
341	319
342	334
343	319
344	310
345	316
346	297
347	341
348	304
349	355
350	337
351	293
352	313
353	340
354	334
355	350
356	333
357	303
358	328
359	350
360	331
361	325
362	308
363	308
364	333
365	337
366	333
367	323
368	337
369	347
370	334
371	324
372	339
373	340
374	346
375	314
376	348
377	347
378	355
379	342
380	301
381	329
382	328
383	329
384	317
385	323
386	348
387	350
388	377
389	367
390	345
391	344
392	337
393	345
394	344
395	364
396	338
397	383
398	375
399	360
400	330
401	346
402	357
403	383
404	365
405	358
406	341
407	356
408	366
409	331
410	357
411	358
412	346
413	372
414	382
415	364
416	374
417	324
418	336
419	365
420	362
421	371
422	375
423	371
424	359
425	358
426	352
427	341
428	362
429	372
430	410
431	359
432	361
433	377
434	410
435	388
436	356
437	372
438	398
439	379
440	386
441	380
442	384
443	351
444	353
445	366
446	370
447	410
448	366
449	391
450	369
451	413
452	344
453	407
454	394
455	376
456	343
457	376
458	365
459	453
460	424
461	398
462	361
463	391
464	395
465	376
466	387
467	384
468	404
469	392
470	361
471	384
472	348
473	403
474	417
475	367
476	369
477	406
478	393
479	435
480	400
481	397
482	384
483	412
484	380
485	419
486	413
487	421
488	419
489	407
490	402
491	362
492	394
493	353
494	383
495	420
496	388
497	424
498	406
499	398
500	404
501	371
502	435
503	390
504	414
505	411
506	398
507	400
508	382
509	448
510	416
511	420
512	396
513	440
514	420
515	407
516	432
517	455
518	409
519	417
520	394
521	395
522	431
523	394
524	433
525	398
526	445
527	413
528	424
529	410
530	402
531	430
532	426
533	445
534	435
535	419
536	426
537	412
538	467
539	405
540	409
541	449
542	435
543	416
544	430
545	438
546	465
547	443
548	430
549	441
550	416
551	452
552	422
553	423
554	420
555	435
556	413
557	417
558	412
559	456
560	454
561	387
562	412
563	399
564	441
565	491
566	443
567	437
568	439
569	440
570	390
571	451
572	458
573	432
574	511
575	442
576	436
577	491
578	449
579	436
580	452
581	450
582	427
583	461
584	408
585	480
586	471
587	439
588	434
589	507
590	463
591	462
592	481
593	443
594	460
595	475
596	426
597	476
598	490
599	470
600	474
601	435
602	477
603	455
604	489
605	489
606	447
607	476
608	461
609	467
610	480
611	437
612	484
613	485
614	446
615	416
616	492
617	480
618	466
619	462
620	466
621	430
622	462
623	490
624	502
625	462
626	451
627	460
628	457
629	504
630	496
631	477
632	478
633	468
634	512
635	477
636	482
637	491
638	494
639	451
640	495
641	448
642	517
643	456
644	504
645	426
646	503
647	483
648	466
649	492
650	482
651	487
652	483
653	529
654	511
655	497
656	457
657	526
658	508
659	502
660	481
661	500
662	498
663	562
664	458
665	485
666	504
667	486
668	495
669	459
670	498
671	497
672	462
673	522
674	495
675	516
676	500
677	502
678	522
679	545
680	543
681	488
682	509
683	524
684	504
685	538
686	493
687	544
688	537
689	505
690	547
691	519
692	513
693	516
694	508
695	526
696	517
697	527
698	506
699	496
700	540
701	533
702	490
703	490
704	529
705	541
706	532
707	531
708	537
709	545
710	546
711	516
712	543
713	548
714	487
715	509
716	504
717	544
718	544
719	541
720	534
721	507
722	542
723	519
724	540
725	562
726	555
727	564
728	532
729	540
730	500
731	453
732	519
733	532
734	579
735	566
736	546
737	530
738	490
739	520
740	524
741	542
742	550
743	555
744	537
745	540
746	568
747	588
748	564
749	561
750	515
751	609
752	571
753	574
754	546
755	641
756	552
757	556
758	555
759	592
760	543
761	568
762	532
763	578
764	577
765	555
766	567
767	557
768	597
769	491
770	525
771	546
772	549
773	533
774	601
775	578
776	556
777	616
778	555
779	550
780	568
781	578
782	557
783	597
784	590
785	573
786	602
787	549
788	589
789	560
790	559
791	568
792	557
793	588
794	604
795	579
796	556
797	550
798	578
799	607
800	597
801	595
802	555
803	556
804	590
805	602
806	565
807	624
808	593
809	538
810	549
811	594
812	578
813	552
814	538
815	564
816	609
817	558
818	542
819	565
820	543
821	555
822	600
823	591
824	554
825	643
826	600
827	574
828	625
829	617
830	599
831	588
832	598
833	591
834	631
835	637
836	615
837	590
838	588
839	573
840	571
841	626
842	588
843	598
844	624
845	615
846	584
847	599
848	633
849	578
850	649
851	650
852	607
853	606
854	568
855	576
856	600
857	646
858	662
859	618
860	599
861	641
862	553
863	565
864	628
865	574
866	618
867	645
868	621
869	592
870	561
871	637
872	605
873	603
874	620
875	654
876	649
877	589
878	577
879	573
880	613
881	628
882	582
883	608
884	621
885	668
886	611
887	639
888	609
889	619
890	646
891	598
892	652
893	633
894	630
895	616
896	613
897	631
898	587
899	608
900	638
901	657
902	634
903	647
904	624
905	659
906	619
907	653
908	693
909	601
910	644
911	616
912	657
913	653
914	653
915	647
916	641
917	598
918	673
919	605
920	641
921	672
922	641
923	653
924	687
925	628
926	655
927	655
928	702
929	644
930	682
931	673
932	645
933	643
934	690
935	659
936	647
937	746
938	632
939	658
940	649
941	663
942	678
943	690
944	670
945	606
946	680
947	668
948	714
949	676
950	651
951	748
952	663
953	638
954	645
955	676
956	705
957	635
958	633
959	653
960	652
961	656
962	663
963	678
964	671
965	672
966	699
967	650
968	660
969	695
970	670
971	666
972	699
973	637
974	698
975	681
976	741
977	652
978	703
979	728
980	620
981	678
982	665
983	646
984	683
985	675
986	677
987	684
988	694
989	684
990	684
991	704
992	656
993	688
994	684
995	659
996	665
997	700
998	702
999	662
1000	694
1001	694
1002	716
1003	675
1004	688
1005	698
1006	722
1007	704
1008	753
1009	705
1010	662
1011	702
1012	651
1013	705
1014	737
1015	674
1016	698
1017	711
1018	690
1019	721
1020	703
1021	688
1022	701
1023	690
1024	719
1025	693
1026	700
1027	716
1028	734
1029	682
1030	699
1031	737
1032	705
1033	687
1034	744
1035	657
1036	750
1037	703
1038	739
1039	729
1040	695
1041	703
1042	699
1043	735
1044	747
1045	724
1046	712
1047	708
1048	737
1049	695
1050	707
1051	732
1052	700
1053	733
1054	679
1055	740
1056	722
1057	750
1058	680
1059	796
1060	733
1061	746
1062	728
1063	707
1064	727
1065	718
1066	717
1067	677
1068	767
1069	727
1070	723
1071	696
1072	698
1073	708
1074	754
1075	788
1076	768
1077	735
1078	707
1079	753
1080	740
1081	731
1082	752
1083	717
1084	738
1085	701
1086	772
1087	760
1088	719
1089	718
1090	774
1091	742
1092	732
1093	764
1094	746
1095	777
1096	730
1097	737
1098	713
1099	737
1100	714
1101	704
1102	743
1103	767
1104	778
1105	772
1106	799
1107	790
1108	738
1109	785
1110	739
1111	736
1112	746
1113	709
1114	675
1115	734
1116	769
1117	729
1118	756
1119	722
1120	761
1121	769
1122	729
1123	772
1124	765
1125	748
1126	798
1127	739
1128	753
1129	739
1130	816
1131	749
1132	761
1133	774
1134	795
1135	791
1136	824
1137	768
1138	777
1139	762
1140	771
1141	765
1142	774
1143	773
1144	807
1145	749
1146	762
1147	816
1148	761
1149	738
1150	808
1151	764
1152	788
1153	768
1154	762
1155	777
1156	762
1157	769
1158	794
1159	757
1160	782
1161	760
1162	801
1163	774
1164	764
1165	857
1166	759
1167	779
1168	781
1169	766
1170	780
1171	777
1172	774
1173	808
1174	764
1175	770
1176	786
1177	790
1178	803
1179	809
1180	843
1181	743
1182	766
1183	841
1184	782
1185	798
1186	809
1187	812
1188	852
1189	815
1190	807
1191	784
1192	814
1193	786
1194	845
1195	789
1196	748
1197	796
1198	821
1199	747
1200	857
1201	842
1202	835
1203	843
1204	778
1205	831
1206	845
1207	839
1208	883
1209	813
1210	817
1211	833
1212	872
1213	856
1214	837
1215	797
1216	828
1217	866
1218	865
1219	891
1220	859
1221	920
1222	949
1223	937
1224	899
1225	972
1226	976
1227	1028
1228	1064
1229	1024
1230	1080
1231	1195
1232	1189
1233	1176
1234	1202
1235	1264
1236	1297
1237	1263
1238	1336
1239	1440
1240	1483
1241	1518
1242	1534
1243	1604
1244	1673
1245	1727
1246	1735
1247	1847
1248	1954
1249	1951
1250	2051
1251	2151
1252	2184
1253	2199
1254	2304
1255	2315
1256	2369
1257	2409
1258	2566
1259	2579
1260	2720
1261	2752
1262	2861
1263	2782
1264	2842
1265	3028
1266	3033
1267	3102
1268	3069
1269	3152
1270	3178
1271	3213
1272	3213
1273	3233
1274	3239
1275	3211
1276	3072
1277	3237
1278	3153
1279	3176
1280	3173
1281	3192
1282	3237
1283	3000
1284	3003
1285	2977
1286	2964
1287	2958
1288	2945
1289	2886
1290	2749
1291	2701
1292	2626
1293	2511
1294	2436
1295	2442
1296	2368
1297	2437
1298	2268
1299	2124
1300	2047
1301	1988
1302	2104
1303	1892
1304	1875
1305	1845
1306	1704
1307	1710
1308	1681
1309	1632
1310	1525
1311	1514
1312	1459
1313	1368
1314	1328
1315	1286
1316	1201
1317	1220
1318	1160
1319	1228
1320	1140
1321	1120
1322	1087
1323	1051
1324	1044
1325	1058
1326	1015
1327	1002
1328	990
1329	994
1330	977
1331	915
1332	942
1333	903
1334	970
1335	965
1336	934
1337	912
1338	972
1339	839
1340	922
1341	877
1342	892
1343	899
1344	897
1345	871
1346	859
1347	856
1348	912
1349	863
1350	916
1351	824
1352	925
1353	884
1354	915
1355	875
1356	874
1357	874
1358	891
1359	915
1360	901
1361	845
1362	905
1363	901
1364	879
1365	872
1366	933
1367	898
1368	885
1369	839
1370	907
1371	932
1372	864
1373	887
1374	941
1375	885
1376	953
1377	892
1378	917
1379	903
1380	895
1381	941
1382	923
1383	907
1384	824
1385	943
1386	947
1387	910
1388	875
1389	908
1390	933
1391	944
1392	909
1393	947
1394	888
1395	888
1396	908
1397	972
1398	965
1399	917
1400	922
1401	917
1402	960
1403	989
1404	967
1405	943
1406	988
1407	991
1408	1008
1409	935
1410	1031
1411	1019
1412	1043
1413	1021
1414	1052
1415	1072
1416	1099
1417	1117
1418	1130
1419	1109
1420	1118
1421	1156
1422	1112
1423	1231
1424	1186
1425	1276
1426	1223
1427	1217
1428	1288
1429	1371
1430	1435
1431	1399
1432	1413
1433	1448
1434	1433
1435	1621
1436	1556
1437	1611
1438	1594
1439	1587
1440	1605
1441	1710
1442	1699
1443	1678
1444	1725
1445	1852
1446	1713
1447	1799
1448	1799
1449	1712
1450	1826
1451	1896
1452	1853
1453	1857
1454	1901
1455	1828
1456	1862
1457	1821
1458	1891
1459	1890
1460	1868
1461	1930
1462	1971
1463	1954
1464	1865
1465	1876
1466	1772
1467	1786
1468	1814
1469	1721
1470	1752
1471	1785
1472	1739
1473	1677
1474	1635
1475	1680
1476	1592
1477	1586
1478	1577
1479	1520
1480	1467
1481	1411
1482	1428
1483	1401
1484	1467
1485	1381
1486	1372
1487	1394
1488	1306
1489	1314
1490	1221
1491	1217
1492	1279
1493	1164
1494	1194
1495	1154
1496	1172
1497	1214
1498	1100
1499	1065
1500	1068
1501	1091
1502	1064
1503	1070
1504	1046
1505	1056
1506	1056
1507	1042
1508	1016
1509	1002
1510	1055
1511	1000
1512	1000
1513	971
1514	975
1515	1021
1516	1004
1517	1011
1518	963
1519	1011
1520	1044
1521	994
1522	1056
1523	1005
1524	926
1525	998
1526	1005
1527	954
1528	993
1529	972
1530	1022
1531	1032
1532	1018
1533	968
1534	1035
1535	1014
1536	974
1537	970
1538	983
1539	992
1540	968
1541	1025
1542	953
1543	970
1544	1009
1545	1031
1546	963
1547	1017
1548	1009
1549	980
1550	965
1551	1014
1552	1024
1553	968
1554	1012
1555	1002
1556	1000
1557	986
1558	981
1559	959
1560	991
1561	994
1562	992
1563	991
1564	1008
1565	995
1566	968
1567	1007
1568	1031
1569	977
1570	1022
1571	946
1572	982
1573	973
1574	1014
1575	1005
1576	992
1577	1010
1578	1034
1579	984
1580	1035
1581	975
1582	993
1583	1014
1584	930
1585	1034
1586	1036
1587	1000
1588	1039
1589	981
1590	980
1591	1016
1592	1043
1593	1015
1594	980
1595	1048
1596	1010
1597	1000
1598	1016
1599	1012
1600	1077
1601	964
1602	1040
1603	1008
1604	990
1605	990
1606	1003
1607	983
1608	1022
1609	924
1610	1040
1611	1014
1612	1063
1613	1014
1614	1070
1615	1015
1616	1008
1617	1019
1618	1042
1619	996
1620	1043
1621	1006
1622	1043
1623	989
1624	1002
1625	1044
1626	1001
1627	1017
1628	985
1629	1022
1630	1036
1631	978
1632	1035
1633	1041
1634	1002
1635	1021
1636	960
1637	972
1638	1021
1639	1069
1640	1046
1641	1036
1642	1003
1643	1058
1644	1040
1645	1039
1646	1022
1647	1046
1648	1027
1649	1080
1650	1047
1651	1081
1652	1024
1653	1068
1654	1043
1655	1035
1656	1024
1657	1035
1658	1032
1659	1029
1660	1016
1661	1014
1662	1125
1663	1063
1664	1044
1665	1011
1666	1009
1667	1029
1668	1090
1669	1047
1670	1077
1671	1051
1672	1066
1673	1076
1674	1090
1675	1014
1676	1077
1677	1001
1678	1089
1679	1078
1680	1070
1681	1034
1682	1031
1683	1077
1684	1127
1685	1042
1686	1062
1687	1044
1688	1061
1689	985
1690	1115
1691	1075
1692	1035
1693	1045
1694	1031
1695	1096
1696	1015
1697	1085
1698	1100
1699	1062
1700	987
1701	1037
1702	1068
1703	1097
1704	1066
1705	1093
1706	1083
1707	1090
1708	985
1709	1049
1710	1012
1711	1099
1712	1044
1713	991
1714	1075
1715	1055
1716	1099
1717	1065
1718	1094
1719	1090
1720	1064
1721	1086
1722	1101
1723	1071
1724	1137
1725	1067
1726	1097
1727	1066
1728	1067
1729	1105
1730	1070
1731	1026
1732	1096
1733	1097
1734	1079
1735	1044
1736	1092
1737	1084
1738	1016
1739	1021
1740	1102
1741	1090
1742	1072
1743	1065
1744	1074
1745	1100
1746	1036
1747	1047
1748	1093
1749	1044
1750	1023
1751	1085
1752	1055
1753	1082
1754	1091
1755	1096
1756	1135
1757	1097
1758	1038
1759	1090
1760	1091
1761	1081
1762	1081
1763	1167
1764	1055
1765	1119
1766	1129
1767	1063
1768	1095
1769	1121
1770	1045
1771	1153
1772	1061
1773	1087
1774	1120
1775	1082
1776	1124
1777	1128
1778	1071
1779	1119
1780	1154
1781	1126
1782	1045
1783	1064
1784	1065
1785	1148
1786	1129
1787	1055
1788	1063
1789	1119
1790	1123
1791	1070
1792	1100
1793	1089
1794	1123
1795	1066
1796	1102
1797	1117
1798	1117
1799	1140
1800	1118
1801	1149
1802	1149
1803	1170
1804	1103
1805	1091
1806	1175
1807	1111
1808	1095
1809	1106
1810	1046
1811	1148
1812	1093
1813	1109
1814	1144
1815	1065
1816	1120
1817	1126
1818	1096
1819	1098
1820	1185
1821	1160
1822	1123
1823	1090
1824	1133
1825	1143
1826	1077
1827	1109
1828	1077
1829	1163
1830	1189
1831	1116
1832	1093
1833	1072
1834	1135
1835	1050
1836	1092
1837	1172
1838	1133
1839	1100
1840	1125
1841	1112
1842	1125
1843	1184
1844	1089
1845	1048
1846	1080
1847	1089
1848	1128
1849	1104
1850	1137
1851	1163
1852	1131
1853	1150
1854	1081
1855	1082
1856	1116
1857	1109
1858	1153
1859	1161
1860	1218
1861	1093
1862	1078
1863	1156
1864	1108
1865	1127
1866	1147
1867	1149
1868	1125
1869	1082
1870	1107
1871	1130
1872	1090
1873	1026
1874	1134
1875	1066
1876	1189
1877	1110
1878	1176
1879	1100
1880	1083
1881	1116
1882	1128
1883	1107
1884	1189
1885	1127
1886	1075
1887	1081
1888	1083
1889	1217
1890	1177
1891	1187
1892	1177
1893	1148
1894	1106
1895	1119
1896	1093
1897	1126
1898	1101
1899	1134
1900	1090
1901	1146
1902	1206
1903	1179
1904	1129
1905	1102
1906	1162
1907	1062
1908	1135
1909	1177
1910	1113
1911	1149
1912	1128
1913	1072
1914	1208
1915	1200
1916	1164
1917	1129
1918	1153
1919	1142
1920	1202
1921	1148
1922	1152
1923	1116
1924	1107
1925	1219
1926	1183
1927	1151
1928	1164
1929	1113
1930	1175
1931	1153
1932	1157
1933	1222
1934	1175
1935	1149
1936	1166
1937	1123
1938	1079
1939	1169
1940	1177
1941	1116
1942	1145
1943	1135
1944	1182
1945	1154
1946	1193
1947	1150
1948	1142
1949	1198
1950	1146
1951	1100
1952	1105
1953	1186
1954	1191
1955	1150
1956	1151
1957	1149
1958	1170
1959	1097
1960	1137
1961	1172
1962	1163
1963	1222
1964	1141
1965	1146
1966	1141
1967	1112
1968	1190
1969	1174
1970	1226
1971	1154
1972	1104
1973	1133
1974	1120
1975	1208
1976	1088
1977	1145
1978	1179
1979	1121
1980	1195
1981	1188
1982	1166
1983	1232
1984	1158
1985	1171
1986	1215
1987	1174
1988	1212
1989	1233
1990	1175
1991	1165
1992	1089
1993	1197
1994	1189
1995	1133
1996	1153
1997	1151
1998	1154
1999	1179
2000	1184
2001	1264
2002	1165
2003	1233
2004	1185
2005	1137
2006	1212
2007	1188
2008	1239
2009	1187
2010	1135
2011	1197
2012	1171
2013	1186
2014	1170
2015	1112
2016	1187
2017	1214
2018	1228
2019	1163
2020	1214
2021	1223
2022	1187
2023	1208
2024	1179
2025	1210
2026	1242
2027	1165
2028	1167
2029	1161
2030	1150
2031	1170
2032	1167
2033	1199
2034	1172
2035	1185
2036	1234
2037	1170
2038	1132
2039	1224
2040	1246
2041	1230
2042	1137
2043	1212
2044	1220
2045	1166
2046	1202
2047	1224
2048	1180
2049	1210
2050	1184
2051	1180
2052	1175
2053	1189
2054	1153
2055	1193
2056	1229
2057	1237
2058	1153
2059	1149
2060	1201
2061	1209
2062	1173
2063	1187
2064	1227
2065	1229
2066	1230
2067	1181
2068	1255
2069	1214
2070	1236
2071	1241
2072	1182
2073	1233
2074	1228
2075	1294
2076	1245
2077	1223
2078	1186
2079	1218
2080	1255
2081	1245
2082	1211
2083	1196
2084	1177
2085	1205
2086	1187
2087	1167
2088	1214
2089	1284
2090	1172
2091	1178
2092	1180
2093	1278
2094	1246
2095	1272
2096	1216
2097	1174
2098	1219
2099	1212
2100	1173
2101	1180
2102	1229
2103	1231
2104	1212
2105	1202
2106	1232
2107	1218
2108	1233
2109	1217
2110	1184
2111	1252
2112	1204
2113	1223
2114	1254
2115	1207
2116	1208
2117	1221
2118	1187
2119	1179
2120	1245
2121	1241
2122	1284
2123	1200
2124	1230
2125	1190
2126	1221
2127	1240
2128	1237
2129	1201
2130	1198
2131	1262
2132	1255
2133	1237
2134	1231
2135	1315
2136	1219
2137	1159
2138	1238
2139	1252
2140	1221
2141	1231
2142	1228
2143	1273
2144	1250
2145	1208
2146	1170
2147	1240
2148	1263
2149	1234
2150	1223
2151	1159
2152	1178
2153	1179
2154	1243
2155	1240
2156	1232
2157	1195
2158	1225
2159	1232
2160	1133
2161	1224
2162	1258
2163	1238
2164	1236
2165	1222
2166	1259
2167	1241
2168	1260
2169	1177
2170	1281
2171	1169
2172	1247
2173	1232
2174	1173
2175	1278
2176	1182
2177	1268
2178	1279
2179	1265
2180	1231
2181	1287
2182	1222
2183	1233
2184	1240
2185	1211
2186	1211
2187	1237
2188	1175
2189	1218
2190	1240
2191	1213
2192	1276
2193	1240
2194	1266
2195	1267
2196	1188
2197	1225
2198	1244
2199	1263
2200	1230
2201	1184
2202	1251
2203	1207
2204	1235
2205	1290
2206	1225
2207	1221
2208	1273
2209	1219
2210	1256
2211	1265
2212	1282
2213	1299
2214	1217
2215	1245
2216	1249
2217	1285
2218	1198
2219	1210
2220	1290
2221	1268
2222	1294
2223	1249
2224	1271
2225	1263
2226	1226
2227	1294
2228	1258
2229	1248
2230	1239
2231	1254
2232	1267
2233	1313
2234	1227
2235	1282
2236	1294
2237	1251
2238	1222
2239	1204
2240	1258
2241	1259
2242	1280
2243	1172
2244	1253
2245	1325
2246	1197
2247	1221
2248	1274
2249	1253
2250	1247
2251	1252
2252	1269
2253	1251
2254	1254
2255	1234
2256	1272
2257	1245
2258	1282
2259	1222
2260	1195
2261	1168
2262	1260
2263	1312
2264	1217
2265	1258
2266	1225
2267	1291
2268	1248
2269	1259
2270	1229
2271	1314
2272	1250
2273	1201
2274	1260
2275	1321
2276	1283
2277	1325
2278	1236
2279	1241
2280	1260
2281	1280
2282	1237
2283	1268
2284	1294
2285	1280
2286	1280
2287	1250
2288	1223
2289	1250
2290	1289
2291	1285
2292	1257
2293	1297
2294	1270
2295	1205
2296	1331
2297	1265
2298	1296
2299	1335
2300	1248
2301	1279
2302	1238
2303	1298
2304	1286
2305	1288
2306	1230
2307	1257
2308	1326
2309	1302
2310	1323
2311	1281
2312	1253
2313	1266
2314	1264
2315	1278
2316	1268
2317	1270
2318	1287
2319	1196
2320	1323
2321	1280
2322	1281
2323	1249
2324	1295
2325	1295
2326	1306
2327	1256
2328	1269
2329	1298
2330	1244
2331	1263
2332	1284
2333	1312
2334	1270
2335	1269
2336	1269
2337	1252
2338	1356
2339	1299
2340	1263
2341	1332
2342	1289
2343	1295
2344	1269
2345	1362
2346	1301
2347	1297
2348	1302
2349	1174
2350	1304
2351	1313
2352	1270
2353	1308
2354	1274
2355	1274
2356	1332
2357	1309
2358	1274
2359	1247
2360	1275
2361	1308
2362	1274
2363	1345
2364	1195
2365	1301
2366	1246
2367	1298
2368	1302
2369	1287
2370	1333
2371	1326
2372	1267
2373	1323
2374	1253
2375	1324
2376	1285
2377	1227
2378	1293
2379	1289
2380	1283
2381	1306
2382	1317
2383	1313
2384	1305
2385	1280
2386	1268
2387	1293
2388	1273
2389	1309
2390	1239
2391	1314
2392	1300
2393	1271
2394	1289
2395	1287
2396	1311
2397	1251
2398	1339
2399	1253
2400	1295
2401	1381
2402	1287
2403	1316
2404	1296
2405	1319
2406	1302
2407	1275
2408	1228
2409	1287
2410	1269
2411	1317
2412	1316
2413	1313
2414	1226
2415	1281
2416	1282
2417	1259
2418	1275
2419	1297
2420	1324
2421	1244
2422	1333
2423	1304
2424	1252
2425	1299
2426	1308
2427	1311
2428	1293
2429	1314
2430	1289
2431	1275
2432	1361
2433	1281
2434	1298
2435	1249
2436	1258
2437	1302
2438	1317
2439	1251
2440	1332
2441	1351
2442	1328
2443	1280
2444	1312
2445	1311
2446	1304
2447	1305
2448	1326
2449	1286
2450	1328
2451	1256
2452	1317
2453	1290
2454	1323
2455	1263
2456	1322
2457	1269
2458	1286
2459	1282
2460	1284
2461	1289
2462	1263
2463	1322
2464	1298
2465	1356
2466	1263
2467	1277
2468	1302
2469	1266
2470	1312
2471	1242
2472	1288
2473	1310
2474	1309
2475	1339
2476	1320
2477	1334
2478	1366
2479	1376
2480	1342
2481	1260
2482	1337
2483	1302
2484	1349
2485	1328
2486	1354
2487	1324
2488	1298
2489	1369
2490	1310
2491	1277
2492	1305
2493	1261
2494	1345
2495	1309
2496	1320
2497	1305
2498	1258
2499	1366
2500	1318
2501	1344
2502	1286
2503	1335
2504	1327
2505	1332
2506	1303
2507	1297
2508	1305
2509	1330
2510	1304
2511	1311
2512	1250
2513	1328
2514	1289
2515	1304
2516	1341
2517	1352
2518	1326
2519	1303
2520	1300
2521	1383
2522	1345
2523	1238
2524	1308
2525	1357
2526	1274
2527	1358
2528	1359
2529	1295
2530	1284
2531	1282
2532	1316
2533	1261
2534	1285
2535	1370
2536	1301
2537	1355
2538	1339
2539	1331
2540	1363
2541	1286
2542	1300
2543	1354
2544	1325
2545	1352
2546	1335
2547	1314
2548	1299
2549	1354
2550	1352
2551	1242
2552	1333
2553	1388
2554	1270
2555	1345
2556	1307
2557	1334
2558	1330
2559	1364
2560	1331
2561	1322
2562	1313
2563	1312
2564	1317
2565	1367
2566	1339
2567	1367
2568	1336
2569	1357
2570	1327
2571	1316
2572	1308
2573	1300
2574	1316
2575	1377
2576	1342
2577	1293
2578	1324
2579	1324
2580	1342
2581	1235
2582	1383
2583	1365
2584	1306
2585	1333
2586	1235
2587	1294
2588	1284
2589	1398
2590	1270
2591	1319
2592	1367
2593	1340
2594	1281
2595	1359
2596	1288
2597	1263
2598	1293
2599	1306
2600	1345
2601	1324
2602	1308
2603	1290
2604	1340
2605	1303
2606	1406
2607	1292
2608	1357
2609	1277
2610	1352
2611	1296
2612	1275
2613	1318
2614	1359
2615	1353
2616	1344
2617	1290
2618	1344
2619	1284
2620	1320
2621	1308
2622	1343
2623	1337
2624	1393
2625	1260
2626	1335
2627	1339
2628	1338
2629	1332
2630	1386
2631	1315
2632	1243
2633	1379
2634	1340
2635	1373
2636	1383
2637	1299
2638	1286
2639	1301
2640	1382
2641	1429
2642	1338
2643	1358
2644	1363
2645	1336
2646	1334
2647	1298
2648	1259
2649	1321
2650	1267
2651	1368
2652	1301
2653	1277
2654	1335
2655	1340
2656	1334
2657	1333
2658	1358
2659	1316
2660	1341
2661	1318
2662	1326
2663	1316
2664	1306
2665	1388
2666	1325
2667	1336
2668	1304
2669	1403
2670	1282
2671	1405
2672	1323
2673	1302
2674	1343
2675	1365
2676	1368
2677	1351
2678	1344
2679	1259
2680	1300
2681	1274
2682	1337
2683	1348
2684	1244
2685	1362
2686	1374
2687	1362
2688	1339
2689	1301
2690	1324
2691	1338
2692	1257
2693	1331
2694	1476
2695	1304
2696	1302
2697	1329
2698	1279
2699	1357
2700	1274
2701	1311
2702	1356
2703	1387
2704	1301
2705	1387
2706	1374
2707	1350
2708	1274
2709	1317
2710	1329
2711	1379
2712	1376
2713	1346
2714	1330
2715	1355
2716	1335
2717	1371
2718	1353
2719	1296
2720	1247
2721	1278
2722	1325
2723	1259
2724	1348
2725	1378
2726	1357
2727	1294
2728	1282
2729	1346
2730	1262
2731	1322
2732	1353
2733	1295
2734	1355
2735	1327
2736	1324
2737	1336
2738	1394
2739	1301
2740	1348
2741	1290
2742	1332
2743	1365
2744	1361
2745	1305
2746	1291
2747	1359
2748	1340
2749	1338
2750	1279
2751	1375
2752	1278
2753	1379
2754	1261
2755	1315
2756	1304
2757	1308
2758	1244
2759	1253
2760	1360
2761	1380
2762	1350
2763	1369
2764	1338
2765	1381
2766	1276
2767	1396
2768	1360
2769	1357
2770	1316
2771	1357
2772	1363
2773	1374
2774	1390
2775	1334
2776	1348
2777	1302
2778	1318
2779	1233
2780	1343
2781	1323
2782	1327
2783	1378
2784	1365
2785	1322
2786	1407
2787	1375
2788	1349
2789	1385
2790	1334
2791	1364
2792	1293
2793	1357
2794	1264
2795	1298
2796	1401
2797	1332
2798	1330
2799	1318
2800	1312
2801	1363
2802	1367
2803	1350
2804	1302
2805	1338
2806	1381
2807	1366
2808	1341
2809	1365
2810	1340
2811	1316
2812	1334
2813	1350
2814	1359
2815	1284
2816	1349
2817	1322
2818	1321
2819	1335
2820	1369
2821	1365
2822	1318
2823	1305
2824	1335
2825	1348
2826	1346
2827	1342
2828	1322
2829	1328
2830	1317
2831	1346
2832	1384
2833	1291
2834	1295
2835	1305
2836	1379
2837	1334
2838	1339
2839	1323
2840	1239
2841	1293
2842	1320
2843	1375
2844	1354
2845	1346
2846	1270
2847	1254
2848	1344
2849	1317
2850	1318
2851	1312
2852	1358
2853	1322
2854	1368
2855	1351
2856	1317
2857	1371
2858	1349
2859	1262
2860	1389
2861	1310
2862	1327
2863	1319
2864	1348
2865	1254
2866	1377
2867	1348
2868	1314
2869	1313
2870	1404
2871	1263
2872	1286
2873	1294
2874	1334
2875	1376
2876	1312
2877	1331
2878	1292
2879	1266
2880	1387
2881	1243
2882	1333
2883	1296
2884	1340
2885	1352
2886	1324
2887	1354
2888	1338
2889	1378
2890	1372
2891	1371
2892	1238
2893	1350
2894	1329
2895	1323
2896	1362
2897	1275
2898	1311
2899	1316
2900	1359
2901	1345
2902	1276
2903	1368
2904	1329
2905	1366
2906	1335
2907	1287
2908	1278
2909	1403
2910	1376
2911	1382
2912	1359
2913	1389
2914	1349
2915	1313
2916	1367
2917	1328
2918	1339
2919	1294
2920	1405
2921	1316
2922	1310
2923	1317
2924	1361
2925	1319
2926	1310
2927	1386
2928	1403
2929	1370
2930	1291
2931	1299
2932	1349
2933	1315
2934	1336
2935	1403
2936	1348
2937	1326
2938	1372
2939	1287
2940	1378
2941	1271
2942	1364
2943	1375
2944	1306
2945	1313
2946	1292
2947	1315
2948	1325
2949	1357
2950	1365
2951	1308
2952	1366
2953	1289
2954	1292
2955	1343
2956	1344
2957	1367
2958	1341
2959	1362
2960	1327
2961	1330
2962	1300
2963	1330
2964	1363
2965	1368
2966	1322
2967	1304
2968	1310
2969	1317
2970	1344
2971	1390
2972	1368
2973	1329
2974	1249
2975	1355
2976	1273
2977	1282
2978	1329
2979	1344
2980	1330
2981	1325
2982	1325
2983	1333
2984	1347
2985	1382
2986	1320
2987	1413
2988	1355
2989	1391
2990	1317
2991	1343
2992	1293
2993	1365
2994	1313
2995	1322
2996	1308
2997	1286
2998	1298
2999	1346
3000	1349
3001	1345
3002	1298
3003	1352
3004	1280
3005	1320
3006	1331
3007	1324
3008	1222
3009	1362
3010	1428
3011	1274
3012	1270
3013	1290
3014	1297
3015	1332
3016	1377
3017	1385
3018	1294
3019	1293
3020	1344
3021	1303
3022	1323
3023	1298
3024	1386
3025	1431
3026	1288
3027	1303
3028	1253
3029	1332
3030	1343
3031	1288
3032	1340
3033	1340
3034	1298
3035	1360
3036	1263
3037	1255
3038	1237
3039	1359
3040	1328
3041	1262
3042	1377
3043	1299
3044	1267
3045	1343
3046	1314
3047	1310
3048	1272
3049	1378
3050	1303
3051	1297
3052	1348
3053	1335
3054	1375
3055	1371
3056	1319
3057	1309
3058	1295
3059	1369
3060	1327
3061	1336
3062	1285
3063	1370
3064	1347
3065	1298
3066	1316
3067	1344
3068	1301
3069	1374
3070	1331
3071	1258
3072	1340
3073	1289
3074	1271
3075	1316
3076	1328
3077	1301
3078	1334
3079	1338
3080	1316
3081	1328
3082	1311
3083	1310
3084	1330
3085	1302
3086	1297
3087	1355
3088	1407
3089	1340
3090	1388
3091	1238
3092	1320
3093	1342
3094	1350
3095	1338
3096	1357
3097	1372
3098	1372
3099	1351
3100	1314
3101	1390
3102	1351
3103	1341
3104	1270
3105	1348
3106	1318
3107	1303
3108	1305
3109	1310
3110	1284
3111	1336
3112	1276
3113	1336
3114	1290
3115	1260
3116	1364
3117	1337
3118	1352
3119	1326
3120	1367
3121	1308
3122	1356
3123	1348
3124	1270
3125	1327
3126	1314
3127	1300
3128	1332
3129	1265
3130	1282
3131	1287
3132	1262
3133	1336
3134	1285
3135	1300
3136	1312
3137	1311
3138	1314
3139	1335
3140	1308
3141	1337
3142	1313
3143	1319
3144	1316
3145	1238
3146	1335
3147	1293
3148	1317
3149	1318
3150	1368
3151	1337
3152	1358
3153	1339
3154	1339
3155	1319
3156	1366
3157	1335
3158	1317
3159	1304
3160	1361
3161	1361
3162	1288
3163	1300
3164	1341
3165	1309
3166	1341
3167	1344
3168	1277
3169	1319
3170	1298
3171	1292
3172	1354
3173	1304
3174	1276
3175	1334
3176	1338
3177	1315
3178	1274
3179	1313
3180	1289
3181	1327
3182	1373
3183	1287
3184	1296
3185	1353
3186	1313
3187	1303
3188	1313
3189	1274
3190	1340
3191	1337
3192	1271
3193	1274
3194	1294
3195	1290
3196	1260
3197	1379
3198	1397
3199	1333
3200	1329
3201	1317
3202	1303
3203	1301
3204	1325
3205	1406
3206	1295
3207	1336
3208	1332
3209	1312
3210	1334
3211	1275
3212	1331
3213	1354
3214	1356
3215	1258
3216	1360
3217	1331
3218	1378
3219	1263
3220	1294
3221	1365
3222	1335
3223	1273
3224	1279
3225	1265
3226	1303
3227	1360
3228	1308
3229	1301
3230	1253
3231	1277
3232	1329
3233	1326
3234	1332
3235	1311
3236	1304
3237	1338
3238	1313
3239	1324
3240	1297
3241	1295
3242	1346
3243	1327
3244	1333
3245	1243
3246	1311
3247	1302
3248	1196
3249	1291
3250	1290
3251	1275
3252	1323
3253	1270
3254	1268
3255	1292
3256	1332
3257	1279
3258	1370
3259	1308
3260	1321
3261	1351
3262	1327
3263	1255
3264	1320
3265	1297
3266	1229
3267	1325
3268	1278
3269	1281
3270	1282
3271	1333
3272	1288
3273	1316
3274	1313
3275	1276
3276	1279
3277	1326
3278	1338
3279	1314
3280	1303
3281	1309
3282	1357
3283	1275
3284	1306
3285	1299
3286	1362
3287	1275
3288	1350
3289	1287
3290	1252
3291	1293
3292	1247
3293	1380
3294	1283
3295	1301
3296	1337
3297	1295
3298	1361
3299	1249
3300	1307
3301	1306
3302	1295
3303	1376
3304	1270
3305	1327
3306	1278
3307	1272
3308	1337
3309	1296
3310	1299
3311	1266
3312	1353
3313	1338
3314	1290
3315	1336
3316	1302
3317	1282
3318	1284
3319	1353
3320	1289
3321	1280
3322	1344
3323	1300
3324	1221
3325	1304
3326	1268
3327	1258
3328	1291
3329	1339
3330	1335
3331	1283
3332	1376
3333	1307
3334	1284
3335	1313
3336	1282
3337	1270
3338	1319
3339	1346
3340	1332
3341	1252
3342	1337
3343	1260
3344	1270
3345	1268
3346	1264
3347	1335
3348	1360
3349	1257
3350	1306
3351	1292
3352	1254
3353	1245
3354	1223
3355	1257
3356	1337
3357	1248
3358	1304
3359	1267
3360	1302
3361	1295
3362	1288
3363	1255
3364	1287
3365	1250
3366	1295
3367	1257
3368	1238
3369	1337
3370	1347
3371	1338
3372	1284
3373	1228
3374	1284
3375	1288
3376	1238
3377	1252
3378	1304
3379	1212
3380	1275
3381	1272
3382	1286
3383	1303
3384	1251
3385	1338
3386	1341
3387	1230
3388	1263
3389	1310
3390	1288
3391	1226
3392	1226
3393	1274
3394	1292
3395	1246
3396	1307
3397	1349
3398	1221
3399	1273
3400	1243
3401	1255
3402	1324
3403	1351
3404	1290
3405	1329
3406	1219
3407	1293
3408	1247
3409	1267
3410	1255
3411	1258
3412	1354
3413	1268
3414	1290
3415	1319
3416	1224
3417	1242
3418	1223
3419	1239
3420	1241
3421	1189
3422	1231
3423	1314
3424	1286
3425	1276
3426	1244
3427	1299
3428	1273
3429	1305
3430	1269
3431	1285
3432	1249
3433	1261
3434	1319
3435	1262
3436	1301
3437	1281
3438	1286
3439	1199
3440	1238
3441	1228
3442	1301
3443	1280
3444	1235
3445	1267
3446	1253
3447	1281
3448	1241
3449	1268
3450	1162
3451	1343
3452	1239
3453	1285
3454	1253
3455	1283
3456	1224
3457	1284
3458	1281
3459	1278
3460	1302
3461	1206
3462	1361
3463	1308
3464	1209
3465	1286
3466	1280
3467	1239
3468	1249
3469	1187
3470	1253
3471	1196
3472	1247
3473	1236
3474	1251
3475	1230
3476	1275
3477	1294
3478	1256
3479	1233
3480	1334
3481	1259
3482	1280
3483	1281
3484	1304
3485	1266
3486	1247
3487	1267
3488	1271
3489	1279
3490	1192
3491	1267
3492	1287
3493	1323
3494	1263
3495	1248
3496	1254
3497	1300
3498	1221
3499	1262
3500	1283
3501	1285
3502	1258
3503	1213
3504	1298
3505	1279
3506	1252
3507	1226
3508	1200
3509	1238
3510	1286
3511	1235
3512	1272
3513	1302
3514	1261
3515	1253
3516	1278
3517	1293
3518	1270
3519	1260
3520	1241
3521	1227
3522	1280
3523	1243
3524	1239
3525	1253
3526	1159
3527	1246
3528	1249
3529	1264
3530	1236
3531	1254
3532	1217
3533	1226
3534	1237
3535	1258
3536	1291
3537	1260
3538	1201
3539	1223
3540	1232
3541	1295
3542	1176
3543	1246
3544	1223
3545	1264
3546	1223
3547	1313
3548	1207
3549	1259
3550	1277
3551	1222
3552	1152
3553	1169
3554	1229
3555	1181
3556	1234
3557	1250
3558	1206
3559	1293
3560	1263
3561	1239
3562	1208
3563	1231
3564	1236
3565	1198
3566	1236
3567	1173
3568	1204
3569	1185
3570	1315
3571	1227
3572	1258
3573	1222
3574	1242
3575	1272
3576	1215
3577	1191
3578	1246
3579	1159
3580	1295
3581	1221
3582	1245
3583	1165
3584	1239
3585	1208
3586	1297
3587	1261
3588	1197
3589	1228
3590	1185
3591	1182
3592	1218
3593	1154
3594	1213
3595	1212
3596	1159
3597	1251
3598	1195
3599	1236
3600	1232
3601	1258
3602	1193
3603	1229
3604	1194
3605	1226
3606	1203
3607	1207
3608	1199
3609	1273
3610	1269
3611	1259
3612	1223
3613	1249
3614	1230
3615	1254
3616	1262
3617	1199
3618	1233
3619	1218
3620	1210
3621	1257
3622	1281
3623	1209
3624	1220
3625	1222
3626	1224
3627	1218
3628	1185
3629	1280
3630	1279
3631	1185
3632	1198
3633	1220
3634	1244
3635	1279
3636	1228
3637	1163
3638	1233
3639	1245
3640	1229
3641	1246
3642	1296
3643	1235
3644	1274
3645	1239
3646	1250
3647	1266
3648	1301
3649	1252
3650	1264
3651	1291
3652	1314
3653	1293
3654	1366
3655	1374
3656	1394
3657	1453
3658	1367
3659	1452
3660	1509
3661	1511
3662	1599
3663	1674
3664	1688
3665	1651
3666	1758
3667	1765
3668	1820
3669	1866
3670	1916
3671	1939
3672	2053
3673	2094
3674	2095
3675	2156
3676	2194
3677	2297
3678	2477
3679	2475
3680	2378
3681	2469
3682	2596
3683	2748
3684	2784
3685	2832
3686	2883
3687	2976
3688	3069
3689	3140
3690	3106
3691	3266
3692	3251
3693	3184
3694	3228
3695	3376
3696	3424
3697	3423
3698	3465
3699	3498
3700	3504
3701	3536
3702	3596
3703	3565
3704	3470
3705	3528
3706	3550
3707	3562
3708	3520
3709	3522
3710	3456
3711	3427
3712	3424
3713	3338
3714	3311
3715	3258
3716	3241
3717	3045
3718	3192
3719	2989
3720	2909
3721	2904
3722	2790
3723	2746
3724	2716
3725	2536
3726	2589
3727	2491
3728	2430
3729	2402
3730	2400
3731	2223
3732	2266
3733	2050
3734	2036
3735	2015
3736	1882
3737	1873
3738	1850
3739	1788
3740	1704
3741	1719
3742	1589
3743	1668
3744	1687
3745	1569
3746	1480
3747	1484
3748	1435
3749	1457
3750	1368
3751	1416
3752	1327
3753	1327
3754	1374
3755	1384
3756	1269
3757	1273
3758	1261
3759	1278
3760	1241
3761	1242
3762	1227
3763	1229
3764	1243
3765	1246
3766	1232
3767	1203
3768	1193
3769	1147
3770	1141
3771	1177
3772	1138
3773	1124
3774	1172
3775	1241
3776	1200
3777	1176
3778	1193
3779	1133
3780	1188
3781	1145
3782	1176
3783	1172
3784	1220
3785	1180
3786	1128
3787	1216
3788	1231
3789	1189
3790	1116
3791	1196
3792	1207
3793	1195
3794	1204
3795	1140
3796	1159
3797	1195
3798	1198
3799	1173
3800	1178
3801	1178
3802	1228
3803	1124
3804	1200
3805	1086
3806	1137
3807	1197
3808	1179
3809	1117
3810	1147
3811	1195
3812	1158
3813	1162
3814	1195
3815	1160
3816	1143
3817	1135
3818	1221
3819	1141
3820	1171
3821	1169
3822	1143
3823	1177
3824	1157
3825	1243
3826	1212
3827	1223
3828	1125
3829	1124
3830	1177
3831	1219
3832	1175
3833	1207
3834	1251
3835	1148
3836	1254
3837	1255
3838	1234
3839	1237
3840	1253
3841	1256
3842	1262
3843	1251
3844	1334
3845	1346
3846	1365
3847	1340
3848	1409
3849	1352
3850	1400
3851	1432
3852	1400
3853	1564
3854	1459
3855	1511
3856	1532
3857	1585
3858	1614
3859	1544
3860	1604
3861	1703
3862	1596
3863	1708
3864	1787
3865	1774
3866	1779
3867	1775
3868	1902
3869	1810
3870	1957
3871	1893
3872	1869
3873	2059
3874	1920
3875	2118
3876	2010
3877	1984
3878	2024
3879	2032
3880	2153
3881	2028
3882	2145
3883	2012
3884	2090
3885	2098
3886	2032
3887	2164
3888	2159
3889	2092
3890	2100
3891	2105
3892	2000
3893	2048
3894	2032
3895	2001
3896	2034
3897	1990
3898	1945
3899	1931
3900	1968
3901	1874
3902	1862
3903	1906
3904	1784
3905	1761
3906	1695
3907	1732
3908	1694
3909	1656
3910	1626
3911	1519
3912	1543
3913	1536
3914	1497
3915	1535
3916	1484
3917	1478
3918	1427
3919	1349
3920	1386
3921	1441
3922	1407
3923	1255
3924	1263
3925	1295
3926	1283
3927	1248
3928	1308
3929	1251
3930	1268
3931	1196
3932	1204
3933	1255
3934	1255
3935	1170
3936	1227
3937	1186
3938	1146
3939	1148
3940	1184
3941	1118
3942	1176
3943	1223
3944	1142
3945	1128
3946	1112
3947	1154
3948	1096
3949	1084
3950	1111
3951	1087
3952	1084
3953	1124
3954	1140
3955	1101
3956	1100
3957	1115
3958	1160
3959	1069
3960	1125
3961	1075
3962	1161
3963	1090
3964	1040
3965	1066
3966	1108
3967	1045
3968	1098
3969	1091
3970	1082
3971	1061
3972	1024
3973	1072
3974	1097
3975	1107
3976	1068
3977	1111
3978	1130
3979	1095
3980	1102
3981	1077
3982	1118
3983	1084
3984	1128
3985	1074
3986	1040
3987	1118
3988	1057
3989	1071
3990	1085
3991	1111
3992	1047
3993	1047
3994	1092
3995	1132
3996	1080
3997	1067
3998	1061
3999	1080
4000	1075
4001	1113
4002	1100
4003	1067
4004	1093
4005	1029
4006	1100
4007	1070
4008	1140
4009	1117
4010	1033
4011	1060
4012	1114
4013	1038
4014	1091
4015	1083
4016	1066
4017	1057
4018	1102
4019	1054
4020	1046
4021	1011
4022	1132
4023	1093
4024	1043
4025	1015
4026	1069
4027	1020
4028	1085
4029	1063
4030	1089
4031	1032
4032	1064
4033	1080
4034	1044
4035	1064
4036	990
4037	1054
4038	1129
4039	1078
4040	1024
4041	1102
4042	1035
4043	1054
4044	1077
4045	1083
4046	1063
4047	1026
4048	1135
4049	1002
4050	1134
4051	1024
4052	1096
4053	1042
4054	1068
4055	1083
4056	1090
4057	1079
4058	1024
4059	1071
4060	1030
4061	1070
4062	1050
4063	1015
4064	1071
4065	1107
4066	1055
4067	1044
4068	1013
4069	1065
4070	1038
4071	1006
4072	1012
4073	1014
4074	1058
4075	1039
4076	1062
4077	1098
4078	1018
4079	989
4080	1019
4081	1084
4082	1016
4083	1076
4084	975
4085	1023
4086	1035
4087	958
4088	1081
4089	1050
4090	1061
4091	1034
4092	1020
4093	1045
4094	980
4095	1017
4096	1050
4097	1049
4098	978
4099	1037
4100	948
4101	1013
4102	1031
4103	1019
4104	1057
4105	1028
4106	1100
4107	1038
4108	1019
4109	1048
4110	1075
4111	1038
4112	990
4113	991
4114	1118
4115	1013
4116	1004
4117	1057
4118	1033
4119	995
4120	1024
4121	1046
4122	1038
4123	1059
4124	1016
4125	1070
4126	984
4127	1002
4128	987
4129	1055
4130	1008
4131	1041
4132	1038
4133	1058
4134	980
4135	1048
4136	1049
4137	1078
4138	1023
4139	993
4140	1019
4141	972
4142	1013
4143	1035
4144	1019
4145	1006
4146	975
4147	999
4148	1004
4149	1062
4150	972
4151	1019
4152	987
4153	967
4154	976
4155	1000
4156	1010
4157	1015
4158	1046
4159	996
4160	1019
4161	1037
4162	1058
4163	964
4164	1033
4165	1087
4166	949
4167	1031
4168	976
4169	1017
4170	977
4171	993
4172	1017
4173	983
4174	1005
4175	983
4176	976
4177	1020
4178	940
4179	998
4180	993
4181	991
4182	1057
4183	984
4184	996
4185	948
4186	1040
4187	964
4188	1064
4189	990
4190	1033
4191	955
4192	998
4193	992
4194	984
4195	1000
4196	992
4197	982
4198	993
4199	979
4200	987
4201	961
4202	1020
4203	1014
4204	945
4205	949
4206	967
4207	1011
4208	951
4209	1005
4210	990
4211	957
4212	986
4213	1013
4214	1007
4215	988
4216	1006
4217	934
4218	1026
4219	970
4220	1000
4221	997
4222	978
4223	955
4224	913
4225	916
4226	949
4227	985
4228	960
4229	1015
4230	965
4231	991
4232	973
4233	952
4234	953
4235	933
4236	922
4237	957
4238	977
4239	960
4240	934
4241	986
4242	948
4243	960
4244	924
4245	930
4246	985
4247	923
4248	989
4249	983
4250	963
4251	928
4252	961
4253	909
4254	951
4255	939
4256	969
4257	940
4258	934
4259	930
4260	997
4261	965
4262	908
4263	926
4264	942
4265	959
4266	956
4267	992
4268	969
4269	967
4270	976
4271	954
4272	952
4273	922
4274	966
4275	940
4276	955
4277	974
4278	942
4279	886
4280	965
4281	963
4282	939
4283	940
4284	954
4285	958
4286	924
4287	994
4288	902
4289	945
4290	903
4291	938
4292	974
4293	957
4294	955
4295	925
4296	900
4297	909
4298	961
4299	892
4300	942
4301	946
4302	867
4303	925
4304	947
4305	843
4306	947
4307	915
4308	958
4309	930
4310	928
4311	888
4312	1001
4313	897
4314	932
4315	919
4316	942
4317	939
4318	861
4319	946
4320	965
4321	960
4322	985
4323	907
4324	925
4325	868
4326	921
4327	925
4328	963
4329	942
4330	921
4331	921
4332	963
4333	939
4334	901
4335	974
4336	930
4337	978
4338	931
4339	960
4340	940
4341	899
4342	865
4343	956
4344	958
4345	920
4346	959
4347	928
4348	919
4349	890
4350	909
4351	974
4352	908
4353	979
4354	946
4355	874
4356	939
4357	958
4358	915
4359	911
4360	894
4361	907
4362	909
4363	919
4364	918
4365	872
4366	930
4367	908
4368	929
4369	859
4370	896
4371	851
4372	916
4373	861
4374	896
4375	932
4376	892
4377	909
4378	952
4379	899
4380	921
4381	942
4382	870
4383	861
4384	896
4385	877
4386	877
4387	848
4388	855
4389	919
4390	779
4391	931
4392	880
4393	881
4394	900
4395	907
4396	872
4397	898
4398	883
4399	892
4400	942
4401	909
4402	943
4403	914
4404	862
4405	923
4406	913
4407	845
4408	878
4409	873
4410	842
4411	870
4412	921
4413	895
4414	920
4415	879
4416	880
4417	842
4418	912
4419	847
4420	888
4421	860
4422	901
4423	864
4424	920
4425	898
4426	876
4427	849
4428	816
4429	835
4430	904
4431	896
4432	854
4433	848
4434	814
4435	897
4436	847
4437	916
4438	855
4439	881
4440	882
4441	841
4442	900
4443	911
4444	842
4445	817
4446	823
4447	903
4448	830
4449	869
4450	897
4451	868
4452	811
4453	888
4454	840
4455	847
4456	835
4457	862
4458	860
4459	900
4460	852
4461	867
4462	802
4463	827
4464	830
4465	839
4466	821
4467	853
4468	779
4469	841
4470	850
4471	812
4472	847
4473	851
4474	851
4475	843
4476	880
4477	864
4478	821
4479	878
4480	823
4481	816
4482	888
4483	850
4484	851
4485	802
4486	842
4487	818
4488	836
4489	821
4490	822
4491	834
4492	830
4493	868
4494	756
4495	782
4496	791
4497	818
4498	866
4499	865
4500	835
4501	863
4502	859
4503	882
4504	850
4505	851
4506	836
4507	815
4508	836
4509	823
4510	850
4511	843
4512	812
4513	819
4514	824
4515	846
4516	838
4517	811
4518	842
4519	863
4520	829
4521	784
4522	894
4523	785
4524	871
4525	793
4526	821
4527	845
4528	793
4529	831
4530	860
4531	854
4532	817
4533	836
4534	792
4535	792
4536	809
4537	854
4538	772
4539	777
4540	787
4541	799
4542	804
4543	821
4544	780
4545	790
4546	853
4547	736
4548	819
4549	814
4550	839
4551	773
4552	778
4553	745
4554	772
4555	783
4556	815
4557	817
4558	759
4559	827
4560	818
4561	793
4562	756
4563	819
4564	744
4565	766
4566	782
4567	742
4568	757
4569	792
4570	791
4571	819
4572	813
4573	825
4574	828
4575	805
4576	782
4577	778
4578	774
4579	739
4580	778
4581	724
4582	799
4583	768
4584	793
4585	734
4586	793
4587	757
4588	764
4589	757
4590	750
4591	742
4592	803
4593	786
4594	787
4595	791
4596	787
4597	831
4598	787
4599	792
4600	792
4601	808
4602	758
4603	763
4604	740
4605	743
4606	779
4607	821
4608	786
4609	773
4610	738
4611	773
4612	730
4613	790
4614	773
4615	782
4616	771
4617	810
4618	795
4619	762
4620	723
4621	720
4622	762
4623	755
4624	747
4625	750
4626	767
4627	796
4628	761
4629	775
4630	742
4631	759
4632	801
4633	769
4634	736
4635	755
4636	716
4637	762
4638	744
4639	738
4640	673
4641	740
4642	715
4643	763
4644	751
4645	736
4646	770
4647	758
4648	790
4649	755
4650	761
4651	755
4652	756
4653	737
4654	811
4655	709
4656	736
4657	793
4658	763
4659	719
4660	735
4661	781
4662	757
4663	728
4664	771
4665	754
4666	743
4667	730
4668	744
4669	730
4670	758
4671	762
4672	702
4673	693
4674	733
4675	771
4676	708
4677	707
4678	682
4679	702
4680	736
4681	757
4682	765
4683	762
4684	735
4685	720
4686	736
4687	670
4688	770
4689	741
4690	745
4691	738
4692	753
4693	721
4694	720
4695	732
4696	680
4697	739
4698	730
4699	740
4700	699
4701	781
4702	761
4703	690
4704	728
4705	759
4706	701
4707	721
4708	735
4709	717
4710	702
4711	681
4712	704
4713	665
4714	715
4715	726
4716	732
4717	718
4718	712
4719	705
4720	739
4721	630
4722	734
4723	716
4724	713
4725	724
4726	669
4727	638
4728	727
4729	709
4730	745
4731	689
4732	675
4733	681
4734	696
4735	681
4736	673
4737	713
4738	669
4739	689
4740	671
4741	720
4742	700
4743	747
4744	671
4745	697
4746	721
4747	701
4748	715
4749	744
4750	712
4751	689
4752	648
4753	620
4754	655
4755	664
4756	658
4757	677
4758	702
4759	679
4760	667
4761	635
4762	648
4763	656
4764	618
4765	649
4766	653
4767	694
4768	674
4769	658
4770	706
4771	686
4772	677
4773	697
4774	643
4775	673
4776	650
4777	689
4778	653
4779	623
4780	713
4781	655
4782	676
4783	643
4784	663
4785	680
4786	646
4787	650
4788	625
4789	680
4790	653
4791	640
4792	657
4793	730
4794	652
4795	651
4796	669
4797	652
4798	649
4799	687
4800	622
4801	662
4802	656
4803	676
4804	653
4805	648
4806	640
4807	631
4808	643
4809	666
4810	711
4811	627
4812	645
4813	653
4814	650
4815	658
4816	702
4817	685
4818	643
4819	655
4820	633
4821	665
4822	652
4823	681
4824	626
4825	667
4826	656
4827	662
4828	719
4829	626
4830	571
4831	658
4832	661
4833	656
4834	648
4835	649
4836	618
4837	587
4838	585
4839	661
4840	654
4841	673
4842	655
4843	667
4844	667
4845	639
4846	612
4847	628
4848	619
4849	631
4850	605
4851	598
4852	634
4853	592
4854	611
4855	666
4856	617
4857	630
4858	614
4859	643
4860	599
4861	572
4862	593
4863	662
4864	669
4865	651
4866	601
4867	619
4868	628
4869	618
4870	647
4871	648
4872	625
4873	607
4874	617
4875	609
4876	646
4877	605
4878	601
4879	648
4880	668
4881	615
4882	599
4883	633
4884	633
4885	622
4886	612
4887	607
4888	599
4889	596
4890	571
4891	608
4892	593
4893	588
4894	617
4895	606
4896	627
4897	632
4898	638
4899	562
4900	639
4901	659
4902	629
4903	594
4904	602
4905	582
4906	604
4907	610
4908	561
4909	595
4910	567
4911	616
4912	553
4913	568
4914	591
4915	555
4916	588
4917	634
4918	597
4919	583
4920	595
4921	598
4922	644
4923	613
4924	549
4925	559
4926	562
4927	576
4928	599
4929	575
4930	580
4931	602
4932	632
4933	563
4934	557
4935	547
4936	583
4937	653
4938	616
4939	586
4940	593
4941	575
4942	593
4943	582
4944	577
4945	588
4946	581
4947	550
4948	595
4949	561
4950	561
4951	575
4952	551
4953	576
4954	594
4955	582
4956	560
4957	540
4958	571
4959	544
4960	593
4961	574
4962	546
4963	587
4964	550
4965	557
4966	560
4967	609
4968	558
4969	596
4970	600
4971	585
4972	521
4973	567
4974	606
4975	534
4976	473
4977	559
4978	583
4979	543
4980	573
4981	558
4982	585
4983	563
4984	532
4985	529
4986	561
4987	590
4988	566
4989	552
4990	542
4991	569
4992	582
4993	573
4994	540
4995	533
4996	548
4997	565
4998	518
4999	551
5000	540
5001	511
5002	544
5003	543
5004	532
5005	558
5006	512
5007	574
5008	577
5009	561
5010	554
5011	550
5012	516
5013	536
5014	517
5015	548
5016	570
5017	545
5018	553
5019	494
5020	556
5021	511
5022	505
5023	515
5024	483
5025	549
5026	531
5027	511
5028	503
5029	538
5030	483
5031	525
5032	543
5033	530
5034	497
5035	511
5036	495
5037	512
5038	515
5039	504
5040	509
5041	512
5042	532
5043	538
5044	529
5045	538
5046	499
5047	517
5048	531
5049	482
5050	507
5051	469
5052	519
5053	486
5054	515
5055	488
5056	509
5057	505
5058	511
5059	514
5060	501
5061	527
5062	489
5063	507
5064	512
5065	505
5066	510
5067	536
5068	486
5069	487
5070	506
5071	536
5072	502
5073	487
5074	517
5075	505
5076	510
5077	482
5078	452
5079	479
5080	519
5081	540
5082	504
5083	494
5084	470
5085	494
5086	474
5087	511
5088	476
5089	503
5090	508
5091	502
5092	494
5093	490
5094	502
5095	497
5096	470
5097	504
5098	487
5099	498
5100	481
5101	496
5102	468
5103	445
5104	496
5105	492
5106	523
5107	521
5108	464
5109	479
5110	508
5111	477
5112	502
5113	484
5114	512
5115	509
5116	510
5117	495
5118	488
5119	492
5120	461
5121	477
5122	458
5123	486
5124	471
5125	466
5126	481
5127	535
5128	469
5129	444
5130	483
5131	456
5132	476
5133	486
5134	480
5135	475
5136	471
5137	453
5138	470
5139	461
5140	484
5141	464
5142	444
5143	496
5144	507
5145	485
5146	458
5147	458
5148	438
5149	443
5150	455
5151	439
5152	426
5153	473
5154	476
5155	434
5156	442
5157	455
5158	479
5159	431
5160	463
5161	480
5162	461
5163	461
5164	453
5165	456
5166	439
5167	399
5168	429
5169	449
5170	416
5171	474
5172	426
5173	453
5174	430
5175	423
5176	461
5177	468
5178	425
5179	456
5180	460
5181	479
5182	416
5183	420
5184	430
5185	447
5186	407
5187	448
5188	411
5189	415
5190	401
5191	432
5192	422
5193	463
5194	424
5195	449
5196	422
5197	443
5198	450
5199	422
5200	424
5201	455
5202	427
5203	450
5204	393
5205	421
5206	425
5207	434
5208	451
5209	435
5210	374
5211	418
5212	434
5213	424
5214	411
5215	463
5216	388
5217	416
5218	441
5219	424
5220	411
5221	406
5222	416
5223	423
5224	416
5225	461
5226	383
5227	392
5228	410
5229	408
5230	371
5231	441
5232	414
5233	388
5234	408
5235	423
5236	435
5237	431
5238	387
5239	387
5240	394
5241	355
5242	412
5243	404
5244	431
5245	416
5246	400
5247	395
5248	394
5249	396
5250	429
5251	386
5252	414
5253	413
5254	437
5255	394
5256	386
5257	421
5258	393
5259	400
5260	401
5261	386
5262	372
5263	412
5264	370
5265	393
5266	378
5267	400
5268	381
5269	378
5270	352
5271	381
5272	389
5273	360
5274	373
5275	411
5276	354
5277	378
5278	378
5279	388
5280	372
5281	381
5282	391
5283	358
5284	401
5285	394
5286	417
5287	392
5288	367
5289	361
5290	429
5291	429
5292	379
5293	352
5294	378
5295	370
5296	359
5297	347
5298	397
5299	369
5300	347
5301	367
5302	361
5303	371
5304	371
5305	379
5306	377
5307	367
5308	364
5309	365
5310	380
5311	351
5312	378
5313	367
5314	345
5315	383
5316	357
5317	363
5318	386
5319	343
5320	352
5321	338
5322	369
5323	340
5324	324
5325	372
5326	330
5327	346
5328	308
5329	348
5330	318
5331	360
5332	330
5333	348
5334	345
5335	332
5336	376
5337	357
5338	371
5339	364
5340	343
5341	355
5342	369
5343	310
5344	336
5345	353
5346	322
5347	366
5348	333
5349	351
5350	308
5351	375
5352	321
5353	322
5354	331
5355	353
5356	334
5357	365
5358	336
5359	350
5360	356
5361	314
5362	353
5363	352
5364	364
5365	314
5366	319
5367	343
5368	306
5369	331
5370	340
5371	330
5372	320
5373	319
5374	346
5375	325
5376	338
5377	335
5378	328
5379	336
5380	309
5381	315
5382	348
5383	302
5384	351
5385	317
5386	354
5387	336
5388	337
5389	319
5390	292
5391	329
5392	312
5393	332
5394	329
5395	324
5396	318
5397	317
5398	350
5399	317
5400	342
5401	307
5402	305
5403	295
5404	328
5405	312
5406	328
5407	342
5408	310
5409	296
5410	344
5411	311
5412	312
5413	316
5414	321
5415	307
5416	331
5417	323
5418	316
5419	276
5420	304
5421	293
5422	312
5423	302
5424	298
5425	282
5426	312
5427	318
5428	308
5429	344
5430	307
5431	327
5432	315
5433	293
5434	305
5435	321
5436	280
5437	315
5438	294
5439	289
5440	292
5441	308
5442	282
5443	301
5444	298
5445	288
5446	307
5447	243
5448	345
5449	302
5450	321
5451	287
5452	287
5453	287
5454	267
5455	323
5456	292
5457	299
5458	259
5459	307
5460	281
5461	277
5462	276
5463	273
5464	271
5465	291
5466	317
5467	309
5468	258
5469	280
5470	256
5471	276
5472	283
5473	287
5474	306
5475	315
5476	317
5477	267
5478	316
5479	290
5480	267
5481	254
5482	286
5483	324
5484	283
5485	263
5486	306
5487	292
5488	276
5489	279
5490	282
5491	287
5492	260
5493	285
5494	243
5495	258
5496	286
5497	265
5498	293
5499	256
5500	285
5501	286
5502	257
5503	248
5504	265
5505	275
5506	244
5507	283
5508	277
5509	252
5510	265
5511	301
5512	261
5513	259
5514	309
5515	269
5516	278
5517	263
5518	258
5519	271
5520	224
5521	241
5522	282
5523	235
5524	255
5525	230
5526	279
5527	282
5528	245
5529	254
5530	232
5531	248
5532	255
5533	254
5534	249
5535	264
5536	245
5537	264
5538	266
5539	242
5540	235
5541	226
5542	227
5543	243
5544	246
5545	244
5546	239
5547	247
5548	250
5549	235
5550	229
5551	235
5552	238
5553	233
5554	264
5555	238
5556	236
5557	249
5558	246
5559	236
5560	258
5561	251
5562	266
5563	262
5564	226
5565	243
5566	233
5567	232
5568	235
5569	228
5570	259
5571	223
5572	241
5573	266
5574	220
5575	234
5576	202
5577	244
5578	200
5579	227
5580	232
5581	224
5582	213
5583	229
5584	246
5585	241
5586	186
5587	254
5588	218
5589	207
5590	219
5591	220
5592	225
5593	211
5594	186
5595	222
5596	242
5597	237
5598	208
5599	234
5600	181
5601	245
5602	209
5603	225
5604	220
5605	225
5606	211
5607	218
5608	203
5609	198
5610	243
5611	228
5612	216
5613	212
5614	215
5615	231
5616	209
5617	202
5618	197
5619	198
5620	232
5621	192
5622	202
5623	211
5624	210
5625	186
5626	194
5627	189
5628	235
5629	215
5630	186
5631	199
5632	210
5633	205
5634	185
5635	196
5636	215
5637	206
5638	202
5639	207
5640	203
5641	187
5642	190
5643	214
5644	213
5645	223
5646	225
5647	208
5648	211
5649	194
5650	194
5651	194
5652	209
5653	166
5654	201
5655	196
5656	154
5657	168
5658	200
5659	185
5660	173
5661	205
5662	185
5663	204
5664	177
5665	175
5666	202
5667	171
5668	195
5669	202
5670	202
5671	190
5672	195
5673	195
5674	184
5675	169
5676	184
5677	188
5678	171
5679	132
5680	167
5681	187
5682	216
5683	183
5684	180
5685	203
5686	172
5687	186
5688	184
5689	176
5690	195
5691	176
5692	158
5693	187
5694	176
5695	164
5696	196
5697	199
5698	180
5699	152
5700	171
5701	175
5702	177
5703	164
5704	168
5705	179
5706	161
5707	179
5708	188
5709	147
5710	145
5711	186
5712	188
5713	161
5714	174
5715	170
5716	161
5717	154
5718	167
5719	166
5720	154
5721	174
5722	173
5723	177
5724	176
5725	147
5726	167
5727	159
5728	165
5729	161
5730	165
5731	160
5732	168
5733	147
5734	168
5735	144
5736	176
5737	154
5738	149
5739	166
5740	172
5741	137
5742	193
5743	157
5744	150
5745	146
5746	152
5747	157
5748	160
5749	158
5750	173
5751	161
5752	152
5753	171
5754	137
5755	148
5756	162
5757	138
5758	159
5759	165
5760	135
5761	145
5762	146
5763	148
5764	151
5765	133
5766	141
5767	126
5768	125
5769	162
5770	139
5771	156
5772	122
5773	135
5774	152
5775	118
5776	152
5777	145
5778	158
5779	147
5780	161
5781	146
5782	137
5783	145
5784	117
5785	119
5786	123
5787	144
5788	136
5789	148
5790	151
5791	137
5792	139
5793	128
5794	146
5795	133
5796	124
5797	157
5798	124
5799	129
5800	131
5801	129
5802	136
5803	112
5804	111
5805	131
5806	143
5807	140
5808	119
5809	140
5810	91
5811	119
5812	138
5813	129
5814	118
5815	119
5816	132
5817	124
5818	107
5819	122
5820	115
5821	122
5822	130
5823	138
5824	122
5825	111
5826	129
5827	135
5828	138
5829	110
5830	110
5831	107
5832	126
5833	147
5834	123
5835	105
5836	129
5837	115
5838	108
5839	125
5840	127
5841	105
5842	100
5843	133
5844	122
5845	108
5846	99
5847	90
5848	125
5849	118
5850	97
5851	120
5852	98
5853	123
5854	114
5855	117
5856	114
5857	102
5858	114
5859	113
5860	106
5861	125
5862	91
5863	106
5864	105
5865	108
5866	107
5867	102
5868	104
5869	113
5870	101
5871	100
5872	98
5873	115
5874	100
5875	108
5876	113
5877	93
5878	97
5879	109
5880	92
5881	105
5882	94
5883	91
5884	109
5885	93
5886	94
5887	105
5888	85
5889	100
5890	71
5891	99
5892	102
5893	91
5894	102
5895	95
5896	94
5897	96
5898	94
5899	95
5900	110
5901	85
5902	90
5903	89
5904	85
5905	97
5906	94
5907	96
5908	95
5909	91
5910	105
5911	86
5912	78
5913	88
5914	102
5915	87
5916	88
5917	85
5918	95
5919	97
5920	75
5921	103
5922	92
5923	76
5924	83
5925	95
5926	81
5927	85
5928	73
5929	80
5930	102
5931	73
5932	77
5933	92
5934	73
5935	72
5936	81
5937	92
5938	71
5939	84
5940	94
5941	77
5942	85
5943	81
5944	102
5945	80
5946	89
5947	87
5948	87
5949	79
5950	74
5951	90
5952	79
5953	89
5954	72
5955	86
5956	77
5957	69
5958	81
5959	62
5960	71
5961	77
5962	84
5963	72
5964	68
5965	78
5966	62
5967	80
5968	64
5969	83
5970	75
5971	72
5972	59
5973	65
5974	62
5975	62
5976	76
5977	67
5978	80
5979	66
5980	58
5981	71
5982	78
5983	73
5984	57
5985	76
5986	73
5987	64
5988	64
5989	61
5990	73
5991	64
5992	69
5993	62
5994	78
5995	66
5996	70
5997	65
5998	58
5999	57
6000	65
6001	59
6002	70
6003	65
6004	51
6005	68
6006	76
6007	66
6008	52
6009	49
6010	60
6011	58
6012	56
6013	47
6014	74
6015	54
6016	70
6017	52
6018	60
6019	49
6020	49
6021	66
6022	61
6023	52
6024	58
6025	69
6026	58
6027	46
6028	40
6029	48
6030	42
6031	48
6032	55
6033	58
6034	58
6035	55
6036	45
6037	66
6038	60
6039	37
6040	71
6041	28
6042	66
6043	63
6044	52
6045	48
6046	55
6047	55
6048	44
6049	36
6050	50
6051	40
6052	59
6053	43
6054	48
6055	50
6056	45
6057	43
6058	45
6059	52
6060	52
6061	55
6062	40
6063	47
6064	40
6065	50
6066	46
6067	33
6068	38
6069	38
6070	34
6071	43
6072	36
6073	41
6074	38
6075	37
6076	48
6077	47
6078	31
6079	40
6080	32
6081	54
6082	53
6083	31
6084	39
6085	39
6086	41
6087	34
6088	34
6089	43
6090	40
6091	41
6092	43
6093	46
6094	33
6095	37
6096	31
6097	42
6098	37
6099	42
6100	39
6101	40
6102	31
6103	33
6104	28
6105	33
6106	43
6107	35
6108	25
6109	33
6110	25
6111	35
6112	31
6113	28
6114	38
6115	40
6116	27
6117	32
6118	32
6119	22
6120	35
6121	40
6122	31
6123	36
6124	32
6125	35
6126	29
6127	36
6128	33
6129	37
6130	35
6131	31
6132	30
6133	36
6134	32
6135	31
6136	41
6137	29
6138	24
6139	31
6140	29
6141	17
6142	33
6143	21
6144	31
6145	31
6146	32
6147	26
6148	29
6149	17
6150	36
6151	23
6152	28
6153	24
6154	17
6155	27
6156	28
6157	26
6158	24
6159	28
6160	30
6161	26
6162	30
6163	29
6164	27
6165	25
6166	25
6167	14
6168	29
6169	20
6170	22
6171	20
6172	19
6173	13
6174	25
6175	23
6176	13
6177	21
6178	24
6179	32
6180	22
6181	21
6182	16
6183	12
6184	26
6185	13
6186	17
6187	25
6188	20
6189	26
6190	12
6191	24
6192	10
6193	14
6194	16
6195	18
6196	15
6197	15
6198	11
6199	24
6200	16
6201	6
6202	22
6203	25
6204	13
6205	14
6206	13
6207	22
6208	17
6209	16
6210	12
6211	8
6212	19
6213	6
6214	21
6215	12
6216	16
6217	11
6218	18
6219	12
6220	20
6221	17
6222	6
6223	11
6224	18
6225	17
6226	13
6227	19
6228	11
6229	12
6230	13
6231	14
6232	17
6233	16
6234	11
6235	15
6236	20
6237	11
6238	17
6239	9
6240	9
6241	11
6242	12
6243	10
6244	17
6245	13
6246	12
6247	6
6248	13
6249	15
6250	5
6251	13
6252	8
6253	9
6254	8
6255	7
6256	13
6257	6
6258	9
6259	9
6260	13
6261	8
6262	9
6263	11
6264	12
6265	5
6266	7
6267	9
6268	6
6269	9
6270	6
6271	6
6272	6
6273	8
6274	4
6275	6
6276	3
6277	8
6278	9
6279	2
6280	7
6281	11
6282	9
6283	7
6284	7
6285	4
6286	8
6287	6
6288	7
6289	6
6290	0
6291	4
6292	6
6293	1
6294	5
6295	4
6296	3
6297	1
6298	3
6299	4
6300	4
6301	5
6302	3
6303	7
6304	5
6305	6
6306	5
6307	3
6308	7
6309	5
6310	3
6311	6
6312	4
6313	1
6314	4
6315	6
6316	3
6317	3
6318	1
6319	3
6320	3
6321	3
6322	5
6323	5
6324	3
6325	5
6326	2
6327	4
6328	3
6329	3
6330	2
6331	1
6332	5
6333	3
6334	4
6335	2
6336	2
6337	1
6338	3
6339	3
6340	3
6341	2
6342	1
6343	0
6344	3
6345	2
6346	3
6347	0
6348	3
6349	0
6350	2
6351	0
6352	1
6353	1
6354	1
6355	0
6356	1
6357	1
6358	2
6359	1
6360	3
6361	1
6362	3
6363	2
6364	1
6365	1
6366	0
6367	0
6368	0
6369	1
6370	0
6371	1
6372	1
6373	0
6374	1
6375	0
6376	1
6377	1
6378	0
6379	0
6380	1
6381	0
6382	0
6383	0
6384	1
6385	0
6386	0
6387	0
6388	1
6389	0
6390	0
6391	0
6392	0
6393	0
6394	0
6395	0
6396	0
6397	0
6398	0
6399	0
6400	0
6401	0
6402	0
6403	0
6404	0
6405	0
6406	0
6407	0
6408	0
6409	0
6410	0
6411	0
6412	0
6413	0
6414	0
6415	0
6416	0
6417	0
6418	0
6419	0
6420	0
6421	0
6422	0
6423	0
6424	0
6425	0
6426	0
6427	0
6428	0
6429	0
6430	0
6431	0
6432	0
6433	0
6434	0
6435	0
6436	0
6437	0
6438	0
6439	0
6440	0
6441	0
6442	0
6443	0
6444	0
6445	0
6446	0
6447	0
6448	0
6449	0
6450	0
6451	0
6452	0
6453	0
6454	0
6455	0
6456	0
6457	0
6458	0
6459	0
6460	0
6461	0
6462	0
6463	0
6464	0
6465	0
6466	0
6467	0
6468	0
6469	0
6470	0
6471	0
6472	0
6473	0
6474	0
6475	0
6476	0
6477	0
6478	0
6479	0
6480	0
6481	0
6482	0
6483	0
6484	0
6485	0
6486	0
6487	0
6488	0
6489	0
6490	0
6491	0
6492	0
6493	0
6494	0
6495	0
6496	0
6497	0
6498	0
6499	0
6500	0
6501	0
6502	0
6503	0
6504	0
6505	0
6506	0
6507	0
6508	0
6509	0
6510	0
6511	0
6512	0
6513	0
6514	0
6515	0
6516	0
6517	0
6518	0
6519	0
6520	0
6521	0
6522	0
6523	0
6524	0
6525	0
6526	0
6527	0
6528	0
6529	0
6530	0
6531	0
6532	0
6533	0
6534	0
6535	0
6536	0
6537	0
6538	0
6539	0
6540	0
6541	0
6542	0
6543	0
6544	0
6545	0
6546	0
6547	0
6548	0
6549	0
6550	0
6551	0
6552	0
6553	0
6554	0
6555	0
6556	0
6557	0
6558	0
6559	0
6560	0
6561	0
6562	0
6563	0
6564	0
6565	0
6566	0
6567	0
6568	0
6569	0
6570	0
6571	0
6572	0
6573	0
6574	0
6575	0
6576	0
6577	0
6578	0
6579	0
6580	0
6581	0
6582	0
6583	0
6584	0
6585	0
6586	0
6587	0
6588	0
6589	0
6590	0
6591	0
6592	0
6593	0
6594	0
6595	0
6596	0
6597	0
6598	0
6599	0
6600	0
6601	0
6602	0
6603	0
6604	0
6605	0
6606	0
6607	0
6608	0
6609	0
6610	0
6611	0
6612	0
6613	0
6614	0
6615	0
6616	0
6617	0
6618	0
6619	0
6620	0
6621	0
6622	0
6623	0
6624	0
6625	0
6626	0
6627	0
6628	0
6629	0
6630	0
6631	0
6632	0
6633	0
6634	0
6635	0
6636	0
6637	0
6638	0
6639	0
6640	0
6641	0
6642	0
6643	0
6644	0
6645	0
6646	0
6647	0
6648	0
6649	0
6650	0
6651	0
6652	0
6653	0
6654	0
6655	0
6656	0
6657	0
6658	0
6659	0
6660	0
6661	0
6662	0
6663	0
6664	0
6665	0
6666	0
6667	0
6668	0
6669	0
6670	0
6671	0
6672	0
6673	0
6674	0
6675	0
6676	0
6677	0
6678	0
6679	0
6680	0
6681	0
6682	0
6683	0
6684	0
6685	0
6686	0
6687	0
6688	0
6689	0
6690	0
6691	0
6692	0
6693	0
6694	0
6695	0
6696	0
6697	0
6698	0
6699	0
6700	0
6701	0
6702	0
6703	0
6704	0
6705	0
6706	0
6707	0
6708	0
6709	0
6710	0
6711	0
6712	0
6713	0
6714	0
6715	0
6716	0
6717	0
6718	0
6719	0
6720	0
6721	0
6722	0
6723	0
6724	0
6725	0
6726	0
6727	0
6728	0
6729	0
6730	0
6731	0
6732	0
6733	0
6734	0
6735	0
6736	0
6737	0
6738	0
6739	0
6740	0
6741	0
6742	0
6743	0
6744	0
6745	0
6746	0
6747	0
6748	0
6749	0
6750	0
6751	0
6752	0
6753	0
6754	0
6755	0
6756	0
6757	0
6758	0
6759	0
6760	0
6761	0
6762	0
6763	0
6764	0
6765	0
6766	0
6767	0
6768	0
6769	0
6770	0
6771	0
6772	0
6773	0
6774	0
6775	0
6776	0
6777	0
6778	0
6779	0
6780	0
6781	0
6782	0
6783	0
6784	0
6785	0
6786	0
6787	0
6788	0
6789	0
6790	0
6791	0
6792	0
6793	0
6794	0
6795	0
6796	0
6797	0
6798	0
6799	0
6800	0
6801	0
6802	0
6803	0
6804	0
6805	0
6806	0
6807	0
6808	0
6809	0
6810	0
6811	0
6812	0
6813	0
6814	0
6815	0
6816	0
6817	0
6818	0
6819	0
6820	0
6821	0
6822	0
6823	0
6824	0
6825	0
6826	0
6827	0
6828	0
6829	0
6830	0
6831	0
6832	0
6833	0
6834	0
6835	0
6836	0
6837	0
6838	0
6839	0
6840	0
6841	0
6842	0
6843	0
6844	0
6845	0
6846	0
6847	0
6848	0
6849	0
6850	0
6851	0
6852	0
6853	0
6854	0
6855	0
6856	0
6857	0
6858	0
6859	0
6860	0
6861	0
6862	0
6863	0
6864	0
6865	0
6866	0
6867	0
6868	0
6869	0
6870	0
6871	0
6872	0
6873	0
6874	0
6875	0
6876	0
6877	0
6878	0
6879	0
6880	0
6881	0
6882	0
6883	0
6884	0
6885	0
6886	0
6887	0
6888	0
6889	0
6890	0
6891	0
6892	0
6893	0
6894	0
6895	0
6896	0
6897	0
6898	0
6899	0
6900	0
6901	0
6902	0
6903	0
6904	0
6905	0
6906	0
6907	0
6908	0
6909	0
6910	0
6911	0
6912	0
6913	0
6914	0
6915	0
6916	0
6917	0
6918	0
6919	0
6920	0
6921	0
6922	0
6923	0
6924	0
6925	0
6926	0
6927	0
6928	0
6929	0
6930	0
6931	0
6932	0
6933	0
6934	0
6935	0
6936	0
6937	0
6938	0
6939	0
6940	0
6941	0
6942	0
6943	0
6944	0
6945	0
6946	0
6947	0
6948	0
6949	0
6950	0
6951	0
6952	0
6953	0
6954	0
6955	0
6956	0
6957	0
6958	0
6959	0
6960	0
6961	0
6962	0
6963	0
6964	0
6965	0
6966	0
6967	0
6968	0
6969	0
6970	0
6971	0
6972	0
6973	0
6974	0
6975	0
6976	0
6977	0
6978	0
6979	0
6980	0
6981	0
6982	0
6983	0
6984	0
6985	0
6986	0
6987	0
6988	0
6989	0
6990	0
6991	0
6992	0
6993	0
6994	0
6995	0
6996	0
6997	0
6998	0
6999	0
7000	0
7001	0
7002	0
7003	0
7004	0
7005	0
7006	0
7007	0
7008	0
7009	0
7010	0
7011	0
7012	0
7013	0
7014	0
7015	0
7016	0
7017	0
7018	0
7019	0
7020	0
7021	0
7022	0
7023	0
7024	0
7025	0
7026	0
7027	0
7028	0
7029	0
7030	0
7031	0
7032	0
7033	0
7034	0
7035	0
7036	0
7037	0
7038	0
7039	0
7040	0
7041	0
7042	0
7043	0
7044	0
7045	0
7046	0
7047	0
7048	0
7049	0
7050	0
7051	0
7052	0
7053	0
7054	0
7055	0
7056	0
7057	0
7058	0
7059	0
7060	0
7061	0
7062	0
7063	0
7064	0
7065	0
7066	0
7067	0
7068	0
7069	0
7070	0
7071	0
7072	0
7073	0
7074	0
7075	0
7076	0
7077	0
7078	0
7079	0
7080	0
7081	0
7082	0
7083	0
7084	0
7085	0
7086	0
7087	0
7088	0
7089	0
7090	0
7091	0
7092	0
7093	0
7094	0
7095	0
7096	0
7097	0
7098	0
7099	0
7100	0
7101	0
7102	0
7103	0
7104	0
7105	0
7106	0
7107	0
7108	0
7109	0
7110	0
7111	0
7112	0
7113	0
7114	0
7115	0
7116	0
7117	0
7118	0
7119	0
7120	0
7121	0
7122	0
7123	0
7124	0
7125	0
7126	0
7127	0
7128	0
7129	0
7130	0
7131	0
7132	0
7133	0
7134	0
7135	0
7136	0
7137	0
7138	0
7139	0
7140	0
7141	0
7142	0
7143	0
7144	0
7145	0
7146	0
7147	0
7148	0
7149	0
7150	0
7151	0
7152	0
7153	0
7154	0
7155	0
7156	0
7157	0
7158	0
7159	0
7160	0
7161	0
7162	0
7163	0
7164	0
7165	0
7166	0
7167	0
7168	0
7169	0
7170	0
7171	0
7172	0
7173	0
7174	0
7175	0
7176	0
7177	0
7178	0
7179	0
7180	0
7181	0
7182	0
7183	0
7184	0
7185	0
7186	0
7187	0
7188	0
7189	0
7190	0
7191	0
7192	0
7193	0
7194	0
7195	0
7196	0
7197	0
7198	0
7199	0
7200	0
7201	0
7202	0
7203	0
7204	0
7205	0
7206	0
7207	0
7208	0
7209	0
7210	0
7211	0
7212	0
7213	0
7214	0
7215	0
7216	0
7217	0
7218	0
7219	0
7220	0
7221	0
7222	0
7223	0
7224	0
7225	0
7226	0
7227	0
7228	0
7229	0
7230	0
7231	0
7232	0
7233	0
7234	0
7235	0
7236	0
7237	0
7238	0
7239	0
7240	0
7241	0
7242	0
7243	0
7244	0
7245	0
7246	0
7247	0
7248	0
7249	0
7250	0
7251	0
7252	0
7253	0
7254	0
7255	0
7256	0
7257	0
7258	0
7259	0
7260	0
7261	0
7262	0
7263	0
7264	0
7265	0
7266	0
7267	0
7268	0
7269	0
7270	0
7271	0
7272	0
7273	0
7274	0
7275	0
7276	0
7277	0
7278	0
7279	0
7280	0
7281	0
7282	0
7283	0
7284	0
7285	0
7286	0
7287	0
7288	0
7289	0
7290	0
7291	0
7292	0
7293	0
7294	0
7295	0
7296	0
7297	0
7298	0
7299	0
7300	0
7301	0
7302	0
7303	0
7304	0
7305	0
7306	0
7307	0
7308	0
7309	0
7310	0
7311	0
7312	0
7313	0
7314	0
7315	0
7316	0
7317	0
7318	0
7319	0
7320	0
7321	0
7322	0
7323	0
7324	0
7325	0
7326	0
7327	0
7328	0
7329	0
7330	0
7331	0
7332	0
7333	0
7334	0
7335	0
7336	0
7337	0
7338	0
7339	0
7340	0
7341	0
7342	0
7343	0
7344	0
7345	0
7346	0
7347	0
7348	0
7349	0
7350	0
7351	0
7352	0
7353	0
7354	0
7355	0
7356	0
7357	0
7358	0
7359	0
7360	0
7361	0
7362	0
7363	0
7364	0
7365	0
7366	0
7367	0
7368	0
7369	0
7370	0
7371	0
7372	0
7373	0
7374	0
7375	0
7376	0
7377	0
7378	0
7379	0
7380	0
7381	0
7382	0
7383	0
7384	0
7385	0
7386	0
7387	0
7388	0
7389	0
7390	0
7391	0
7392	0
7393	0
7394	0
7395	0
7396	0
7397	0
7398	0
7399	0
7400	0
7401	0
7402	0
7403	0
7404	0
7405	0
7406	0
7407	0
7408	0
7409	0
7410	0
7411	0
7412	0
7413	0
7414	0
7415	0
7416	0
7417	0
7418	0
7419	0
7420	0
7421	0
7422	0
7423	0
7424	0
7425	0
7426	0
7427	0
7428	0
7429	0
7430	0
7431	0
7432	0
7433	0
7434	0
7435	0
7436	0
7437	0
7438	0
7439	0
7440	0
7441	0
7442	0
7443	0
7444	0
7445	0
7446	0
7447	0
7448	0
7449	0
7450	0
7451	0
7452	0
7453	0
7454	0
7455	0
7456	0
7457	0
7458	0
7459	0
7460	0
7461	0
7462	0
7463	0
7464	0
7465	0
7466	0
7467	0
7468	0
7469	0
7470	0
7471	0
7472	0
7473	0
7474	0
7475	0
7476	0
7477	0
7478	0
7479	0
7480	0
7481	0
7482	0
7483	0
7484	0
7485	0
7486	0
7487	0
7488	0
7489	0
7490	0
7491	0
7492	0
7493	0
7494	0
7495	0
7496	0
7497	0
7498	0
7499	0
7500	0
7501	0
7502	0
7503	0
7504	0
7505	0
7506	0
7507	0
7508	0
7509	0
7510	0
7511	0
7512	0
7513	0
7514	0
7515	0
7516	0
7517	0
7518	0
7519	0
7520	0
7521	0
7522	0
7523	0
7524	0
7525	0
7526	0
7527	0
7528	0
7529	0
7530	0
7531	0
7532	0
7533	0
7534	0
7535	0
7536	0
7537	0
7538	0
7539	0
7540	0
7541	0
7542	0
7543	0
7544	0
7545	0
7546	0
7547	0
7548	0
7549	0
7550	0
7551	0
7552	0
7553	0
7554	0
7555	0
7556	0
7557	0
7558	0
7559	0
7560	0
7561	0
7562	0
7563	0
7564	0
7565	0
7566	0
7567	0
7568	0
7569	0
7570	0
7571	0
7572	0
7573	0
7574	0
7575	0
7576	0
7577	0
7578	0
7579	0
7580	0
7581	0
7582	0
7583	0
7584	0
7585	0
7586	0
7587	0
7588	0
7589	0
7590	0
7591	0
7592	0
7593	0
7594	0
7595	0
7596	0
7597	0
7598	0
7599	0
7600	0
7601	0
7602	0
7603	0
7604	0
7605	0
7606	0
7607	0
7608	0
7609	0
7610	0
7611	0
7612	0
7613	0
7614	0
7615	0
7616	0
7617	0
7618	0
7619	0
7620	0
7621	0
7622	0
7623	0
7624	0
7625	0
7626	0
7627	0
7628	0
7629	0
7630	0
7631	0
7632	0
7633	0
7634	0
7635	0
7636	0
7637	0
7638	0
7639	0
7640	0
7641	0
7642	0
7643	0
7644	0
7645	0
7646	0
7647	0
7648	0
7649	0
7650	0
7651	0
7652	0
7653	0
7654	0
7655	0
7656	0
7657	0
7658	0
7659	0
7660	0
7661	0
7662	0
7663	0
7664	0
7665	0
7666	0
7667	0
7668	0
7669	0
7670	0
7671	0
7672	0
7673	0
7674	0
7675	0
7676	0
7677	0
7678	0
7679	0
7680	0
7681	0
7682	0
7683	0
7684	0
7685	0
7686	0
7687	0
7688	0
7689	0
7690	0
7691	0
7692	0
7693	0
7694	0
7695	0
7696	0
7697	0
7698	0
7699	0
7700	0
7701	0
7702	0
7703	0
7704	0
7705	0
7706	0
7707	0
7708	0
7709	0
7710	0
7711	0
7712	0
7713	0
7714	0
7715	0
7716	0
7717	0
7718	0
7719	0
7720	0
7721	0
7722	0
7723	0
7724	0
7725	0
7726	0
7727	0
7728	0
7729	0
7730	0
7731	0
7732	0
7733	0
7734	0
7735	0
7736	0
7737	0
7738	0
7739	0
7740	0
7741	0
7742	0
7743	0
7744	0
7745	0
7746	0
7747	0
7748	0
7749	0
7750	0
7751	0
7752	0
7753	0
7754	0
7755	0
7756	0
7757	0
7758	0
7759	0
7760	0
7761	0
7762	0
7763	0
7764	0
7765	0
7766	0
7767	0
7768	0
7769	0
7770	0
7771	0
7772	0
7773	0
7774	0
7775	0
7776	0
7777	0
7778	0
7779	0
7780	0
7781	0
7782	0
7783	0
7784	0
7785	0
7786	0
7787	0
7788	0
7789	0
7790	0
7791	0
7792	0
7793	0
7794	0
7795	0
7796	0
7797	0
7798	0
7799	0
7800	0
7801	0
7802	0
7803	0
7804	0
7805	0
7806	0
7807	0
7808	0
7809	0
7810	0
7811	0
7812	0
7813	0
7814	0
7815	0
7816	0
7817	0
7818	0
7819	0
7820	0
7821	0
7822	0
7823	0
7824	0
7825	0
7826	0
7827	0
7828	0
7829	0
7830	0
7831	0
7832	0
7833	0
7834	0
7835	0
7836	0
7837	0
7838	0
7839	0
7840	0
7841	0
7842	0
7843	0
7844	0
7845	0
7846	0
7847	0
7848	0
7849	0
7850	0
7851	0
7852	0
7853	0
7854	0
7855	0
7856	0
7857	0
7858	0
7859	0
7860	0
7861	0
7862	0
7863	0
7864	0
7865	0
7866	0
7867	0
7868	0
7869	0
7870	0
7871	0
7872	0
7873	0
7874	0
7875	0
7876	0
7877	0
7878	0
7879	0
7880	0
7881	0
7882	0
7883	0
7884	0
7885	0
7886	0
7887	0
7888	0
7889	0
7890	0
7891	0
7892	0
7893	0
7894	0
7895	0
7896	0
7897	0
7898	0
7899	0
7900	0
7901	0
7902	0
7903	0
7904	0
7905	0
7906	0
7907	0
7908	0
7909	0
7910	0
7911	0
7912	0
7913	0
7914	0
7915	0
7916	0
7917	0
7918	0
7919	0
7920	0
7921	0
7922	0
7923	0
7924	0
7925	0
7926	0
7927	0
7928	0
7929	0
7930	0
7931	0
7932	0
7933	0
7934	0
7935	0
7936	0
7937	0
7938	0
7939	0
7940	0
7941	0
7942	0
7943	0
7944	0
7945	0
7946	0
7947	0
7948	0
7949	0
7950	0
7951	0
7952	0
7953	0
7954	0
7955	0
7956	0
7957	0
7958	0
7959	0
7960	0
7961	0
7962	0
7963	0
7964	0
7965	0
7966	0
7967	0
7968	0
7969	0
7970	0
7971	0
7972	0
7973	0
7974	0
7975	0
7976	0
7977	0
7978	0
7979	0
7980	0
7981	0
7982	0
7983	0
7984	0
7985	0
7986	0
7987	0
7988	0
7989	0
7990	0
7991	0
7992	0
7993	0
7994	0
7995	0
7996	0
7997	0
7998	0
7999	0
8000	0
8001	0
8002	0
8003	0
8004	0
8005	0
8006	0
8007	0
8008	0
8009	0
8010	0
8011	0
8012	0
8013	0
8014	0
8015	0
8016	0
8017	0
8018	0
8019	0
8020	0
8021	0
8022	0
8023	0
8024	0
8025	0
8026	0
8027	0
8028	0
8029	0
8030	0
8031	0
8032	0
8033	0
8034	0
8035	0
8036	0
8037	0
8038	0
8039	0
8040	0
8041	0
8042	0
8043	0
8044	0
8045	0
8046	0
8047	0
8048	0
8049	0
8050	0
8051	0
8052	0
8053	0
8054	0
8055	0
8056	0
8057	0
8058	0
8059	0
8060	0
8061	0
8062	0
8063	0
8064	0
8065	0
8066	0
8067	0
8068	0
8069	0
8070	0
8071	0
8072	0
8073	0
8074	0
8075	0
8076	0
8077	0
8078	0
8079	0
8080	0
8081	0
8082	0
8083	0
8084	0
8085	0
8086	0
8087	0
8088	0
8089	0
8090	0
8091	0
8092	0
8093	0
8094	0
8095	0
8096	0
8097	0
8098	0
8099	0
8100	0
8101	0
8102	0
8103	0
8104	0
8105	0
8106	0
8107	0
8108	0
8109	0
8110	0
8111	0
8112	0
8113	0
8114	0
8115	0
8116	0
8117	0
8118	0
8119	0
8120	0
8121	0
8122	0
8123	0
8124	0
8125	0
8126	0
8127	0
8128	0
8129	0
8130	0
8131	0
8132	0
8133	0
8134	0
8135	0
8136	0
8137	0
8138	0
8139	0
8140	0
8141	0
8142	0
8143	0
8144	0
8145	0
8146	0
8147	0
8148	0
8149	0
8150	0
8151	0
8152	0
8153	0
8154	0
8155	0
8156	0
8157	0
8158	0
8159	0
8160	0
8161	0
8162	0
8163	0
8164	0
8165	0
8166	0
8167	0
8168	0
8169	0
8170	0
8171	0
8172	0
8173	0
8174	0
8175	0
8176	0
8177	0
8178	0
8179	0
8180	0
8181	0
8182	0
8183	0
8184	0
8185	0
8186	0
8187	0
8188	0
8189	0
8190	0
8191	0
