   5.0000000e-04   1.2278643e-04
   1.5000000e-03   3.7367763e-04
   2.5000000e-03   6.3179322e-04
   3.5000000e-03   8.9729569e-04
   4.5000000e-03   1.1703505e-03
   5.5000000e-03   1.4511263e-03
   6.5000000e-03   1.7397947e-03
   7.5000000e-03   2.0365303e-03
   8.5000000e-03   2.3415111e-03
   9.5000000e-03   2.6549180e-03
   1.0500000e-02   2.9769351e-03
   1.1500000e-02   3.3077499e-03
   1.2500000e-02   3.6475529e-03
   1.3500000e-02   3.9965380e-03
   1.4500000e-02   4.3549021e-03
   1.5500000e-02   4.7228457e-03
   1.6500000e-02   5.1005723e-03
   1.7500000e-02   5.4882888e-03
   1.8500000e-02   5.8862053e-03
   1.9500000e-02   6.2945354e-03
   2.0500000e-02   6.7134958e-03
   2.1500000e-02   7.1433065e-03
   2.2500000e-02   7.5841910e-03
   2.3500000e-02   8.0363758e-03
   2.4500000e-02   8.5000908e-03
   2.5500000e-02   8.9755692e-03
   2.6500000e-02   9.4630474e-03
   2.7500000e-02   9.9627649e-03
   2.8500000e-02   1.0474965e-02
   2.9500000e-02   1.0999892e-02
   3.0500000e-02   1.1537797e-02
   3.1500000e-02   1.2088931e-02
   3.2500000e-02   1.2653549e-02
   3.3500000e-02   1.3231909e-02
   3.4500000e-02   1.3824273e-02
   3.5500000e-02   1.4430904e-02
   3.6500000e-02   1.5052068e-02
   3.7500000e-02   1.5688035e-02
   3.8500000e-02   1.6339078e-02
   3.9500000e-02   1.7005469e-02
   4.0500000e-02   1.7687487e-02
   4.1500000e-02   1.8385409e-02
   4.2500000e-02   1.9099518e-02
   4.3500000e-02   1.9830097e-02
   4.4500000e-02   2.0577432e-02
   4.5500000e-02   2.1341808e-02
   4.6500000e-02   2.2123516e-02
   4.7500000e-02   2.2922846e-02
   4.8500000e-02   2.3740088e-02
   4.9500000e-02   2.4575537e-02
   5.0500000e-02   2.5429486e-02
   5.1500000e-02   2.6302230e-02
   5.2500000e-02   2.7194063e-02
   5.3500000e-02   2.8105283e-02
   5.4500000e-02   2.9036183e-02
   5.5500000e-02   2.9987061e-02
   5.6500000e-02   3.0958212e-02
   5.7500000e-02   3.1949930e-02
   5.8500000e-02   3.2962509e-02
   5.9500000e-02   3.3996244e-02
   6.0500000e-02   3.5051424e-02
   6.1500000e-02   3.6128341e-02
   6.2500000e-02   3.7227282e-02
   6.3500000e-02   3.8348532e-02
   6.4500000e-02   3.9492376e-02
   6.5500000e-02   4.0659092e-02
   6.6500000e-02   4.1848957e-02
   6.7500000e-02   4.3062244e-02
   6.8500000e-02   4.4299223e-02
   6.9500000e-02   4.5560158e-02
   7.0500000e-02   4.6845308e-02
   7.1500000e-02   4.8154927e-02
   7.2500000e-02   4.9489265e-02
   7.3500000e-02   5.0848565e-02
   7.4500000e-02   5.2233061e-02
   7.5500000e-02   5.3642984e-02
   7.6500000e-02   5.5078555e-02
   7.7500000e-02   5.6539988e-02
   7.8500000e-02   5.8027489e-02
   7.9500000e-02   5.9541254e-02
   8.0500000e-02   6.1081471e-02
   8.1500000e-02   6.2648317e-02
   8.2500000e-02   6.4241961e-02
   8.3500000e-02   6.5862559e-02
   8.4500000e-02   6.7510256e-02
   8.5500000e-02   6.9185187e-02
   8.6500000e-02   7.0887472e-02
   8.7500000e-02   7.2617222e-02
   8.8500000e-02   7.4374531e-02
   8.9500000e-02   7.6159482e-02
   9.0500000e-02   7.7972143e-02
   9.1500000e-02   7.9812567e-02
   9.2500000e-02   8.1680792e-02
   9.3500000e-02   8.3576840e-02
   9.4500000e-02   8.5500719e-02
   9.5500000e-02   8.7452419e-02
   9.6500000e-02   8.9431911e-02
   9.7500000e-02   9.1439153e-02
   9.8500000e-02   9.3474082e-02
   9.9500000e-02   9.5536618e-02
   1.0050000e-01   9.7626662e-02
   1.0150000e-01   9.9744097e-02
   1.0250000e-01   1.0188879e-01
   1.0350000e-01   1.0406057e-01
   1.0450000e-01   1.0625928e-01
   1.0550000e-01   1.0848472e-01
   1.0650000e-01   1.1073666e-01
   1.0750000e-01   1.1301487e-01
   1.0850000e-01   1.1531910e-01
   1.0950000e-01   1.1764907e-01
   1.1050000e-01   1.2000447e-01
   1.1150000e-01   1.2238498e-01
   1.1250000e-01   1.2479027e-01
   1.1350000e-01   1.2721997e-01
   1.1450000e-01   1.2967370e-01
   1.1550000e-01   1.3215105e-01
   1.1650000e-01   1.3465160e-01
   1.1750000e-01   1.3717489e-01
   1.1850000e-01   1.3972047e-01
   1.1950000e-01   1.4228784e-01
   1.2050000e-01   1.4487650e-01
   1.2150000e-01   1.4748592e-01
   1.2250000e-01   1.5011555e-01
   1.2350000e-01   1.5276483e-01
   1.2450000e-01   1.5543317e-01
   1.2550000e-01   1.5811997e-01
   1.2650000e-01   1.6082461e-01
   1.2750000e-01   1.6354644e-01
   1.2850000e-01   1.6628483e-01
   1.2950000e-01   1.6903908e-01
   1.3050000e-01   1.7180853e-01
   1.3150000e-01   1.7459247e-01
   1.3250000e-01   1.7739018e-01
   1.3350000e-01   1.8020093e-01
   1.3450000e-01   1.8302400e-01
   1.3550000e-01   1.8585863e-01
   1.3650000e-01   1.8870405e-01
   1.3750000e-01   1.9155949e-01
   1.3850000e-01   1.9442418e-01
   1.3950000e-01   1.9729733e-01
   1.4050000e-01   2.0017814e-01
   1.4150000e-01   2.0306581e-01
   1.4250000e-01   2.0595954e-01
   1.4350000e-01   2.0885851e-01
   1.4450000e-01   2.1176191e-01
   1.4550000e-01   2.1466894e-01
   1.4650000e-01   2.1757876e-01
   1.4750000e-01   2.2049057e-01
   1.4850000e-01   2.2340356e-01
   1.4950000e-01   2.2631690e-01
   1.5050000e-01   2.2922980e-01
   1.5150000e-01   2.3214144e-01
   1.5250000e-01   2.3505102e-01
   1.5350000e-01   2.3795776e-01
   1.5450000e-01   2.4086086e-01
   1.5550000e-01   2.4375954e-01
   1.5650000e-01   2.4665305e-01
   1.5750000e-01   2.4954060e-01
   1.5850000e-01   2.5242147e-01
   1.5950000e-01   2.5529490e-01
   1.6050000e-01   2.5816017e-01
   1.6150000e-01   2.6101657e-01
   1.6250000e-01   2.6386341e-01
   1.6350000e-01   2.6669999e-01
   1.6450000e-01   2.6952565e-01
   1.6550000e-01   2.7233974e-01
   1.6650000e-01   2.7514162e-01
   1.6750000e-01   2.7793067e-01
   1.6850000e-01   2.8070629e-01
   1.6950000e-01   2.8346791e-01
   1.7050000e-01   2.8621494e-01
   1.7150000e-01   2.8894686e-01
   1.7250000e-01   2.9166314e-01
   1.7350000e-01   2.9436326e-01
   1.7450000e-01   2.9704674e-01
   1.7550000e-01   2.9971313e-01
   1.7650000e-01   3.0236197e-01
   1.7750000e-01   3.0499284e-01
   1.7850000e-01   3.0760534e-01
   1.7950000e-01   3.1019908e-01
   1.8050000e-01   3.1277371e-01
   1.8150000e-01   3.1532888e-01
   1.8250000e-01   3.1786428e-01
   1.8350000e-01   3.2037961e-01
   1.8450000e-01   3.2287460e-01
   1.8550000e-01   3.2534897e-01
   1.8650000e-01   3.2780251e-01
   1.8750000e-01   3.3023499e-01
   1.8850000e-01   3.3264623e-01
   1.8950000e-01   3.3503604e-01
   1.9050000e-01   3.3740427e-01
   1.9150000e-01   3.3975078e-01
   1.9250000e-01   3.4207546e-01
   1.9350000e-01   3.4437822e-01
   1.9450000e-01   3.4665896e-01
   1.9550000e-01   3.4891763e-01
   1.9650000e-01   3.5115419e-01
   1.9750000e-01   3.5336861e-01
   1.9850000e-01   3.5556088e-01
   1.9950000e-01   3.5773100e-01
   2.0050000e-01   3.5987900e-01
   2.0150000e-01   3.6200492e-01
   2.0250000e-01   3.6410881e-01
   2.0350000e-01   3.6619073e-01
   2.0450000e-01   3.6825078e-01
   2.0550000e-01   3.7028904e-01
   2.0650000e-01   3.7230562e-01
   2.0750000e-01   3.7430065e-01
   2.0850000e-01   3.7627425e-01
   2.0950000e-01   3.7822657e-01
   2.1050000e-01   3.8015777e-01
   2.1150000e-01   3.8206802e-01
   2.1250000e-01   3.8395748e-01
   2.1350000e-01   3.8582635e-01
   2.1450000e-01   3.8767482e-01
   2.1550000e-01   3.8950309e-01
   2.1650000e-01   3.9131138e-01
   2.1750000e-01   3.9309991e-01
   2.1850000e-01   3.9486891e-01
   2.1950000e-01   3.9661860e-01
   2.2050000e-01   3.9834923e-01
   2.2150000e-01   4.0006105e-01
   2.2250000e-01   4.0175431e-01
   2.2350000e-01   4.0342926e-01
   2.2450000e-01   4.0508617e-01
   2.2550000e-01   4.0672531e-01
   2.2650000e-01   4.0834694e-01
   2.2750000e-01   4.0995134e-01
   2.2850000e-01   4.1153878e-01
   2.2950000e-01   4.1310956e-01
   2.3050000e-01   4.1466394e-01
   2.3150000e-01   4.1620222e-01
   2.3250000e-01   4.1772468e-01
   2.3350000e-01   4.1923161e-01
   2.3450000e-01   4.2072331e-01
   2.3550000e-01   4.2220005e-01
   2.3650000e-01   4.2366214e-01
   2.3750000e-01   4.2510987e-01
   2.3850000e-01   4.2654353e-01
   2.3950000e-01   4.2796341e-01
   2.4050000e-01   4.2936980e-01
   2.4150000e-01   4.3076300e-01
   2.4250000e-01   4.3214330e-01
   2.4350000e-01   4.3351099e-01
   2.4450000e-01   4.3486635e-01
   2.4550000e-01   4.3620969e-01
   2.4650000e-01   4.3754128e-01
   2.4750000e-01   4.3886140e-01
   2.4850000e-01   4.4017035e-01
   2.4950000e-01   4.4146840e-01
   2.5050000e-01   4.4275584e-01
   2.5150000e-01   4.4403294e-01
   2.5250000e-01   4.4529998e-01
   2.5350000e-01   4.4655723e-01
   2.5450000e-01   4.4780496e-01
   2.5550000e-01   4.4904344e-01
   2.5650000e-01   4.5027293e-01
   2.5750000e-01   4.5149370e-01
   2.5850000e-01   4.5270601e-01
   2.5950000e-01   4.5391011e-01
   2.6050000e-01   4.5510627e-01
   2.6150000e-01   4.5629472e-01
   2.6250000e-01   4.5747572e-01
   2.6350000e-01   4.5864951e-01
   2.6450000e-01   4.5981634e-01
   2.6550000e-01   4.6097643e-01
   2.6650000e-01   4.6213004e-01
   2.6750000e-01   4.6327739e-01
   2.6850000e-01   4.6441870e-01
   2.6950000e-01   4.6555421e-01
   2.7050000e-01   4.6668413e-01
   2.7150000e-01   4.6780869e-01
   2.7250000e-01   4.6892810e-01
   2.7350000e-01   4.7004257e-01
   2.7450000e-01   4.7115231e-01
   2.7550000e-01   4.7225752e-01
   2.7650000e-01   4.7335842e-01
   2.7750000e-01   4.7445518e-01
   2.7850000e-01   4.7554802e-01
   2.7950000e-01   4.7663713e-01
   2.8050000e-01   4.7772268e-01
   2.8150000e-01   4.7880487e-01
   2.8250000e-01   4.7988387e-01
   2.8350000e-01   4.8095988e-01
   2.8450000e-01   4.8203305e-01
   2.8550000e-01   4.8310357e-01
   2.8650000e-01   4.8417160e-01
   2.8750000e-01   4.8523731e-01
   2.8850000e-01   4.8630086e-01
   2.8950000e-01   4.8736240e-01
   2.9050000e-01   4.8842210e-01
   2.9150000e-01   4.8948012e-01
   2.9250000e-01   4.9053658e-01
   2.9350000e-01   4.9159166e-01
   2.9450000e-01   4.9264548e-01
   2.9550000e-01   4.9369819e-01
   2.9650000e-01   4.9474993e-01
   2.9750000e-01   4.9580084e-01
   2.9850000e-01   4.9685103e-01
   2.9950000e-01   4.9790066e-01
   3.0050000e-01   4.9894983e-01
   3.0150000e-01   4.9999867e-01
   3.0250000e-01   5.0104732e-01
   3.0350000e-01   5.0209587e-01
   3.0450000e-01   5.0314445e-01
   3.0550000e-01   5.0419318e-01
   3.0650000e-01   5.0524216e-01
   3.0750000e-01   5.0629150e-01
   3.0850000e-01   5.0734130e-01
   3.0950000e-01   5.0839167e-01
   3.1050000e-01   5.0944271e-01
   3.1150000e-01   5.1049452e-01
   3.1250000e-01   5.1154719e-01
   3.1350000e-01   5.1260081e-01
   3.1450000e-01   5.1365548e-01
   3.1550000e-01   5.1471128e-01
   3.1650000e-01   5.1576830e-01
   3.1750000e-01   5.1682663e-01
   3.1850000e-01   5.1788634e-01
   3.1950000e-01   5.1894752e-01
   3.2050000e-01   5.2001024e-01
   3.2150000e-01   5.2107459e-01
   3.2250000e-01   5.2214062e-01
   3.2350000e-01   5.2320841e-01
   3.2450000e-01   5.2427804e-01
   3.2550000e-01   5.2534957e-01
   3.2650000e-01   5.2642307e-01
   3.2750000e-01   5.2749859e-01
   3.2850000e-01   5.2857621e-01
   3.2950000e-01   5.2965597e-01
   3.3050000e-01   5.3073794e-01
   3.3150000e-01   5.3182218e-01
   3.3250000e-01   5.3290874e-01
   3.3350000e-01   5.3399767e-01
   3.3450000e-01   5.3508903e-01
   3.3550000e-01   5.3618285e-01
   3.3650000e-01   5.3727920e-01
   3.3750000e-01   5.3837811e-01
   3.3850000e-01   5.3947963e-01
   3.3950000e-01   5.4058381e-01
   3.4050000e-01   5.4169068e-01
   3.4150000e-01   5.4280029e-01
   3.4250000e-01   5.4391267e-01
   3.4350000e-01   5.4502786e-01
   3.4450000e-01   5.4614589e-01
   3.4550000e-01   5.4726681e-01
   3.4650000e-01   5.4839063e-01
   3.4750000e-01   5.4951740e-01
   3.4850000e-01   5.5064714e-01
   3.4950000e-01   5.5177989e-01
   3.5050000e-01   5.5291566e-01
   3.5150000e-01   5.5405448e-01
   3.5250000e-01   5.5519638e-01
   3.5350000e-01   5.5634139e-01
   3.5450000e-01   5.5748952e-01
   3.5550000e-01   5.5864079e-01
   3.5650000e-01   5.5979523e-01
   3.5750000e-01   5.6095285e-01
   3.5850000e-01   5.6211367e-01
   3.5950000e-01   5.6327771e-01
   3.6050000e-01   5.6444498e-01
   3.6150000e-01   5.6561549e-01
   3.6250000e-01   5.6678926e-01
   3.6350000e-01   5.6796630e-01
   3.6450000e-01   5.6914662e-01
   3.6550000e-01   5.7033023e-01
   3.6650000e-01   5.7151714e-01
   3.6750000e-01   5.7270735e-01
   3.6850000e-01   5.7390087e-01
   3.6950000e-01   5.7509771e-01
   3.7050000e-01   5.7629787e-01
   3.7150000e-01   5.7750136e-01
   3.7250000e-01   5.7870817e-01
   3.7350000e-01   5.7991831e-01
   3.7450000e-01   5.8113178e-01
   3.7550000e-01   5.8234859e-01
   3.7650000e-01   5.8356872e-01
   3.7750000e-01   5.8479217e-01
   3.7850000e-01   5.8601895e-01
   3.7950000e-01   5.8724905e-01
   3.8050000e-01   5.8848246e-01
   3.8150000e-01   5.8971919e-01
   3.8250000e-01   5.9095921e-01
   3.8350000e-01   5.9220254e-01
   3.8450000e-01   5.9344915e-01
   3.8550000e-01   5.9469904e-01
   3.8650000e-01   5.9595220e-01
   3.8750000e-01   5.9720861e-01
   3.8850000e-01   5.9846828e-01
   3.8950000e-01   5.9973119e-01
   3.9050000e-01   6.0099731e-01
   3.9150000e-01   6.0226665e-01
   3.9250000e-01   6.0353919e-01
   3.9350000e-01   6.0481490e-01
   3.9450000e-01   6.0609379e-01
   3.9550000e-01   6.0737582e-01
   3.9650000e-01   6.0866099e-01
   3.9750000e-01   6.0994927e-01
   3.9850000e-01   6.1124065e-01
   3.9950000e-01   6.1253511e-01
   4.0050000e-01   6.1383263e-01
   4.0150000e-01   6.1513319e-01
   4.0250000e-01   6.1643676e-01
   4.0350000e-01   6.1774333e-01
   4.0450000e-01   6.1905288e-01
   4.0550000e-01   6.2036537e-01
   4.0650000e-01   6.2168080e-01
   4.0750000e-01   6.2299913e-01
   4.0850000e-01   6.2432034e-01
   4.0950000e-01   6.2564441e-01
   4.1050000e-01   6.2697130e-01
   4.1150000e-01   6.2830100e-01
   4.1250000e-01   6.2963347e-01
   4.1350000e-01   6.3096869e-01
   4.1450000e-01   6.3230663e-01
   4.1550000e-01   6.3364727e-01
   4.1650000e-01   6.3499057e-01
   4.1750000e-01   6.3633650e-01
   4.1850000e-01   6.3768503e-01
   4.1950000e-01   6.3903614e-01
   4.2050000e-01   6.4038979e-01
   4.2150000e-01   6.4174594e-01
   4.2250000e-01   6.4310458e-01
   4.2350000e-01   6.4446566e-01
   4.2450000e-01   6.4582916e-01
   4.2550000e-01   6.4719503e-01
   4.2650000e-01   6.4856325e-01
   4.2750000e-01   6.4993377e-01
   4.2850000e-01   6.5130657e-01
   4.2950000e-01   6.5268161e-01
   4.3050000e-01   6.5405886e-01
   4.3150000e-01   6.5543827e-01
   4.3250000e-01   6.5681981e-01
   4.3350000e-01   6.5820345e-01
   4.3450000e-01   6.5958914e-01
   4.3550000e-01   6.6097685e-01
   4.3650000e-01   6.6236654e-01
   4.3750000e-01   6.6375817e-01
   4.3850000e-01   6.6515170e-01
   4.3950000e-01   6.6654709e-01
   4.4050000e-01   6.6794431e-01
   4.4150000e-01   6.6934330e-01
   4.4250000e-01   6.7074404e-01
   4.4350000e-01   6.7214647e-01
   4.4450000e-01   6.7355056e-01
   4.4550000e-01   6.7495627e-01
   4.4650000e-01   6.7636355e-01
   4.4750000e-01   6.7777237e-01
   4.4850000e-01   6.7918267e-01
   4.4950000e-01   6.8059441e-01
   4.5050000e-01   6.8200756e-01
   4.5150000e-01   6.8342207e-01
   4.5250000e-01   6.8483789e-01
   4.5350000e-01   6.8625498e-01
   4.5450000e-01   6.8767329e-01
   4.5550000e-01   6.8909278e-01
   4.5650000e-01   6.9051341e-01
   4.5750000e-01   6.9193512e-01
   4.5850000e-01   6.9335788e-01
   4.5950000e-01   6.9478163e-01
   4.6050000e-01   6.9620633e-01
   4.6150000e-01   6.9763194e-01
   4.6250000e-01   6.9905840e-01
   4.6350000e-01   7.0048567e-01
   4.6450000e-01   7.0191371e-01
   4.6550000e-01   7.0334245e-01
   4.6650000e-01   7.0477186e-01
   4.6750000e-01   7.0620190e-01
   4.6850000e-01   7.0763250e-01
   4.6950000e-01   7.0906362e-01
   4.7050000e-01   7.1049521e-01
   4.7150000e-01   7.1192723e-01
   4.7250000e-01   7.1335962e-01
   4.7350000e-01   7.1479234e-01
   4.7450000e-01   7.1622534e-01
   4.7550000e-01   7.1765856e-01
   4.7650000e-01   7.1909195e-01
   4.7750000e-01   7.2052548e-01
   4.7850000e-01   7.2195908e-01
   4.7950000e-01   7.2339270e-01
   4.8050000e-01   7.2482631e-01
   4.8150000e-01   7.2625984e-01
   4.8250000e-01   7.2769324e-01
   4.8350000e-01   7.2912647e-01
   4.8450000e-01   7.3055947e-01
   4.8550000e-01   7.3199219e-01
   4.8650000e-01   7.3342459e-01
   4.8750000e-01   7.3485660e-01
   4.8850000e-01   7.3628819e-01
   4.8950000e-01   7.3771930e-01
   4.9050000e-01   7.3914987e-01
   4.9150000e-01   7.4057985e-01
   4.9250000e-01   7.4200920e-01
   4.9350000e-01   7.4343787e-01
   4.9450000e-01   7.4486579e-01
   4.9550000e-01   7.4629293e-01
   4.9650000e-01   7.4771922e-01
   4.9750000e-01   7.4914462e-01
   4.9850000e-01   7.5056908e-01
   4.9950000e-01   7.5199254e-01
   5.0050000e-01   7.5341495e-01
   5.0150000e-01   7.5483626e-01
   5.0250000e-01   7.5625642e-01
   5.0350000e-01   7.5767537e-01
   5.0450000e-01   7.5909307e-01
   5.0550000e-01   7.6050947e-01
   5.0650000e-01   7.6192451e-01
   5.0750000e-01   7.6333814e-01
   5.0850000e-01   7.6475031e-01
   5.0950000e-01   7.6616097e-01
   5.1050000e-01   7.6757007e-01
   5.1150000e-01   7.6897755e-01
   5.1250000e-01   7.7038337e-01
   5.1350000e-01   7.7178747e-01
   5.1450000e-01   7.7318981e-01
   5.1550000e-01   7.7459032e-01
   5.1650000e-01   7.7598898e-01
   5.1750000e-01   7.7738571e-01
   5.1850000e-01   7.7878047e-01
   5.1950000e-01   7.8017322e-01
   5.2050000e-01   7.8156389e-01
   5.2150000e-01   7.8295245e-01
   5.2250000e-01   7.8433883e-01
   5.2350000e-01   7.8572300e-01
   5.2450000e-01   7.8710490e-01
   5.2550000e-01   7.8848448e-01
   5.2650000e-01   7.8986169e-01
   5.2750000e-01   7.9123649e-01
   5.2850000e-01   7.9260882e-01
   5.2950000e-01   7.9397864e-01
   5.3050000e-01   7.9534589e-01
   5.3150000e-01   7.9671054e-01
   5.3250000e-01   7.9807252e-01
   5.3350000e-01   7.9943180e-01
   5.3450000e-01   8.0078833e-01
   5.3550000e-01   8.0214205e-01
   5.3650000e-01   8.0349293e-01
   5.3750000e-01   8.0484091e-01
   5.3850000e-01   8.0618595e-01
   5.3950000e-01   8.0752800e-01
   5.4050000e-01   8.0886702e-01
   5.4150000e-01   8.1020295e-01
   5.4250000e-01   8.1153576e-01
   5.4350000e-01   8.1286540e-01
   5.4450000e-01   8.1419182e-01
   5.4550000e-01   8.1551498e-01
   5.4650000e-01   8.1683483e-01
   5.4750000e-01   8.1815134e-01
   5.4850000e-01   8.1946445e-01
   5.4950000e-01   8.2077412e-01
   5.5050000e-01   8.2208031e-01
   5.5150000e-01   8.2338298e-01
   5.5250000e-01   8.2468208e-01
   5.5350000e-01   8.2597758e-01
   5.5450000e-01   8.2726942e-01
   5.5550000e-01   8.2855757e-01
   5.5650000e-01   8.2984199e-01
   5.5750000e-01   8.3112264e-01
   5.5850000e-01   8.3239947e-01
   5.5950000e-01   8.3367244e-01
   5.6050000e-01   8.3494152e-01
   5.6150000e-01   8.3620667e-01
   5.6250000e-01   8.3746785e-01
   5.6350000e-01   8.3872501e-01
   5.6450000e-01   8.3997812e-01
   5.6550000e-01   8.4122714e-01
   5.6650000e-01   8.4247204e-01
   5.6750000e-01   8.4371277e-01
   5.6850000e-01   8.4494931e-01
   5.6950000e-01   8.4618161e-01
   5.7050000e-01   8.4740964e-01
   5.7150000e-01   8.4863336e-01
   5.7250000e-01   8.4985273e-01
   5.7350000e-01   8.5106773e-01
   5.7450000e-01   8.5227832e-01
   5.7550000e-01   8.5348447e-01
   5.7650000e-01   8.5468613e-01
   5.7750000e-01   8.5588328e-01
   5.7850000e-01   8.5707589e-01
   5.7950000e-01   8.5826392e-01
   5.8050000e-01   8.5944735e-01
   5.8150000e-01   8.6062613e-01
   5.8250000e-01   8.6180024e-01
   5.8350000e-01   8.6296965e-01
   5.8450000e-01   8.6413434e-01
   5.8550000e-01   8.6529426e-01
   5.8650000e-01   8.6644939e-01
   5.8750000e-01   8.6759971e-01
   5.8850000e-01   8.6874518e-01
   5.8950000e-01   8.6988577e-01
   5.9050000e-01   8.7102147e-01
   5.9150000e-01   8.7215224e-01
   5.9250000e-01   8.7327805e-01
   5.9350000e-01   8.7439889e-01
   5.9450000e-01   8.7551472e-01
   5.9550000e-01   8.7662552e-01
   5.9650000e-01   8.7773127e-01
   5.9750000e-01   8.7883194e-01
   5.9850000e-01   8.7992751e-01
   5.9950000e-01   8.8101796e-01
   6.0050000e-01   8.8210326e-01
   6.0150000e-01   8.8318339e-01
   6.0250000e-01   8.8425833e-01
   6.0350000e-01   8.8532807e-01
   6.0450000e-01   8.8639257e-01
   6.0550000e-01   8.8745182e-01
   6.0650000e-01   8.8850580e-01
   6.0750000e-01   8.8955449e-01
   6.0850000e-01   8.9059787e-01
   6.0950000e-01   8.9163593e-01
   6.1050000e-01   8.9266864e-01
   6.1150000e-01   8.9369599e-01
   6.1250000e-01   8.9471797e-01
   6.1350000e-01   8.9573455e-01
   6.1450000e-01   8.9674572e-01
   6.1550000e-01   8.9775147e-01
   6.1650000e-01   8.9875178e-01
   6.1750000e-01   8.9974664e-01
   6.1850000e-01   9.0073603e-01
   6.1950000e-01   9.0171994e-01
   6.2050000e-01   9.0269835e-01
   6.2150000e-01   9.0367127e-01
   6.2250000e-01   9.0463866e-01
   6.2350000e-01   9.0560053e-01
   6.2450000e-01   9.0655686e-01
   6.2550000e-01   9.0750764e-01
   6.2650000e-01   9.0845287e-01
   6.2750000e-01   9.0939252e-01
   6.2850000e-01   9.1032660e-01
   6.2950000e-01   9.1125510e-01
   6.3050000e-01   9.1217800e-01
   6.3150000e-01   9.1309530e-01
   6.3250000e-01   9.1400699e-01
   6.3350000e-01   9.1491307e-01
   6.3450000e-01   9.1581353e-01
   6.3550000e-01   9.1670836e-01
   6.3650000e-01   9.1759757e-01
   6.3750000e-01   9.1848114e-01
   6.3850000e-01   9.1935907e-01
   6.3950000e-01   9.2023136e-01
   6.4050000e-01   9.2109800e-01
   6.4150000e-01   9.2195899e-01
   6.4250000e-01   9.2281433e-01
   6.4350000e-01   9.2366402e-01
   6.4450000e-01   9.2450805e-01
   6.4550000e-01   9.2534643e-01
   6.4650000e-01   9.2617915e-01
   6.4750000e-01   9.2700622e-01
   6.4850000e-01   9.2782763e-01
   6.4950000e-01   9.2864338e-01
   6.5050000e-01   9.2945349e-01
   6.5150000e-01   9.3025793e-01
   6.5250000e-01   9.3105673e-01
   6.5350000e-01   9.3184989e-01
   6.5450000e-01   9.3263739e-01
   6.5550000e-01   9.3341926e-01
   6.5650000e-01   9.3419549e-01
   6.5750000e-01   9.3496608e-01
   6.5850000e-01   9.3573105e-01
   6.5950000e-01   9.3649039e-01
   6.6050000e-01   9.3724411e-01
   6.6150000e-01   9.3799222e-01
   6.6250000e-01   9.3873472e-01
   6.6350000e-01   9.3947162e-01
   6.6450000e-01   9.4020293e-01
   6.6550000e-01   9.4092866e-01
   6.6650000e-01   9.4164880e-01
   6.6750000e-01   9.4236338e-01
   6.6850000e-01   9.4307239e-01
   6.6950000e-01   9.4377585e-01
   6.7050000e-01   9.4447377e-01
   6.7150000e-01   9.4516615e-01
   6.7250000e-01   9.4585301e-01
   6.7350000e-01   9.4653436e-01
   6.7450000e-01   9.4721020e-01
   6.7550000e-01   9.4788055e-01
   6.7650000e-01   9.4854541e-01
   6.7750000e-01   9.4920481e-01
   6.7850000e-01   9.4985875e-01
   6.7950000e-01   9.5050725e-01
   6.8050000e-01   9.5115031e-01
   6.8150000e-01   9.5178796e-01
   6.8250000e-01   9.5242019e-01
   6.8350000e-01   9.5304704e-01
   6.8450000e-01   9.5366850e-01
   6.8550000e-01   9.5428461e-01
   6.8650000e-01   9.5489536e-01
   6.8750000e-01   9.5550077e-01
   6.8850000e-01   9.5610087e-01
   6.8950000e-01   9.5669566e-01
   6.9050000e-01   9.5728517e-01
   6.9150000e-01   9.5786940e-01
   6.9250000e-01   9.5844837e-01
   6.9350000e-01   9.5902211e-01
   6.9450000e-01   9.5959062e-01
   6.9550000e-01   9.6015392e-01
   6.9650000e-01   9.6071204e-01
   6.9750000e-01   9.6126499e-01
   6.9850000e-01   9.6181278e-01
   6.9950000e-01   9.6235544e-01
   7.0050000e-01   9.6289298e-01
   7.0150000e-01   9.6342542e-01
   7.0250000e-01   9.6395278e-01
   7.0350000e-01   9.6447509e-01
   7.0450000e-01   9.6499235e-01
   7.0550000e-01   9.6550459e-01
   7.0650000e-01   9.6601183e-01
   7.0750000e-01   9.6651409e-01
   7.0850000e-01   9.6701138e-01
   7.0950000e-01   9.6750374e-01
   7.1050000e-01   9.6799117e-01
   7.1150000e-01   9.6847371e-01
   7.1250000e-01   9.6895137e-01
   7.1350000e-01   9.6942417e-01
   7.1450000e-01   9.6989213e-01
   7.1550000e-01   9.7035528e-01
   7.1650000e-01   9.7081364e-01
   7.1750000e-01   9.7126722e-01
   7.1850000e-01   9.7171606e-01
   7.1950000e-01   9.7216017e-01
   7.2050000e-01   9.7259958e-01
   7.2150000e-01   9.7303430e-01
   7.2250000e-01   9.7346437e-01
   7.2350000e-01   9.7388980e-01
   7.2450000e-01   9.7431062e-01
   7.2550000e-01   9.7472685e-01
   7.2650000e-01   9.7513852e-01
   7.2750000e-01   9.7554564e-01
   7.2850000e-01   9.7594824e-01
   7.2950000e-01   9.7634635e-01
   7.3050000e-01   9.7673998e-01
   7.3150000e-01   9.7712917e-01
   7.3250000e-01   9.7751393e-01
   7.3350000e-01   9.7789430e-01
   7.3450000e-01   9.7827029e-01
   7.3550000e-01   9.7864193e-01
   7.3650000e-01   9.7900925e-01
   7.3750000e-01   9.7937226e-01
   7.3850000e-01   9.7973100e-01
   7.3950000e-01   9.8008548e-01
   7.4050000e-01   9.8043574e-01
   7.4150000e-01   9.8078180e-01
   7.4250000e-01   9.8112368e-01
   7.4350000e-01   9.8146141e-01
   7.4450000e-01   9.8179501e-01
   7.4550000e-01   9.8212451e-01
   7.4650000e-01   9.8244994e-01
   7.4750000e-01   9.8277132e-01
   7.4850000e-01   9.8308867e-01
   7.4950000e-01   9.8340202e-01
   7.5050000e-01   9.8371140e-01
   7.5150000e-01   9.8401683e-01
   7.5250000e-01   9.8431834e-01
   7.5350000e-01   9.8461595e-01
   7.5450000e-01   9.8490969e-01
   7.5550000e-01   9.8519959e-01
   7.5650000e-01   9.8548567e-01
   7.5750000e-01   9.8576796e-01
   7.5850000e-01   9.8604647e-01
   7.5950000e-01   9.8632125e-01
   7.6050000e-01   9.8659231e-01
   7.6150000e-01   9.8685968e-01
   7.6250000e-01   9.8712339e-01
   7.6350000e-01   9.8738347e-01
   7.6450000e-01   9.8763993e-01
   7.6550000e-01   9.8789280e-01
   7.6650000e-01   9.8814212e-01
   7.6750000e-01   9.8838790e-01
   7.6850000e-01   9.8863018e-01
   7.6950000e-01   9.8886898e-01
   7.7050000e-01   9.8910432e-01
   7.7150000e-01   9.8933623e-01
   7.7250000e-01   9.8956474e-01
   7.7350000e-01   9.8978987e-01
   7.7450000e-01   9.9001165e-01
   7.7550000e-01   9.9023011e-01
   7.7650000e-01   9.9044527e-01
   7.7750000e-01   9.9065715e-01
   7.7850000e-01   9.9086579e-01
   7.7950000e-01   9.9107121e-01
   7.8050000e-01   9.9127343e-01
   7.8150000e-01   9.9147248e-01
   7.8250000e-01   9.9166839e-01
   7.8350000e-01   9.9186118e-01
   7.8450000e-01   9.9205087e-01
   7.8550000e-01   9.9223750e-01
   7.8650000e-01   9.9242109e-01
   7.8750000e-01   9.9260167e-01
   7.8850000e-01   9.9277925e-01
   7.8950000e-01   9.9295387e-01
   7.9050000e-01   9.9312555e-01
   7.9150000e-01   9.9329432e-01
   7.9250000e-01   9.9346020e-01
   7.9350000e-01   9.9362321e-01
   7.9450000e-01   9.9378339e-01
   7.9550000e-01   9.9394075e-01
   7.9650000e-01   9.9409533e-01
   7.9750000e-01   9.9424714e-01
   7.9850000e-01   9.9439622e-01
   7.9950000e-01   9.9454258e-01
   8.0050000e-01   9.9468626e-01
   8.0150000e-01   9.9482727e-01
   8.0250000e-01   9.9496564e-01
   8.0350000e-01   9.9510140e-01
   8.0450000e-01   9.9523457e-01
   8.0550000e-01   9.9536517e-01
   8.0650000e-01   9.9549323e-01
   8.0750000e-01   9.9561878e-01
   8.0850000e-01   9.9574183e-01
   8.0950000e-01   9.9586241e-01
   8.1050000e-01   9.9598055e-01
   8.1150000e-01   9.9609627e-01
   8.1250000e-01   9.9620960e-01
   8.1350000e-01   9.9632055e-01
   8.1450000e-01   9.9642915e-01
   8.1550000e-01   9.9653543e-01
   8.1650000e-01   9.9663940e-01
   8.1750000e-01   9.9674109e-01
   8.1850000e-01   9.9684053e-01
   8.1950000e-01   9.9693774e-01
   8.2050000e-01   9.9703274e-01
   8.2150000e-01   9.9712555e-01
   8.2250000e-01   9.9721620e-01
   8.2350000e-01   9.9730471e-01
   8.2450000e-01   9.9739109e-01
   8.2550000e-01   9.9747539e-01
   8.2650000e-01   9.9755761e-01
   8.2750000e-01   9.9763778e-01
   8.2850000e-01   9.9771593e-01
   8.2950000e-01   9.9779206e-01
   8.3050000e-01   9.9786622e-01
   8.3150000e-01   9.9793841e-01
   8.3250000e-01   9.9800866e-01
   8.3350000e-01   9.9807699e-01
   8.3450000e-01   9.9814343e-01
   8.3550000e-01   9.9820799e-01
   8.3650000e-01   9.9827070e-01
   8.3750000e-01   9.9833157e-01
   8.3850000e-01   9.9839064e-01
   8.3950000e-01   9.9844791e-01
   8.4050000e-01   9.9850342e-01
   8.4150000e-01   9.9855717e-01
   8.4250000e-01   9.9860920e-01
   8.4350000e-01   9.9865952e-01
   8.4450000e-01   9.9870816e-01
   8.4550000e-01   9.9875512e-01
   8.4650000e-01   9.9880045e-01
   8.4750000e-01   9.9884414e-01
   8.4850000e-01   9.9888623e-01
   8.4950000e-01   9.9892674e-01
   8.5050000e-01   9.9896568e-01
   8.5150000e-01   9.9900307e-01
   8.5250000e-01   9.9903893e-01
   8.5350000e-01   9.9907329e-01
   8.5450000e-01   9.9910616e-01
   8.5550000e-01   9.9913756e-01
   8.5650000e-01   9.9916751e-01
   8.5750000e-01   9.9919603e-01
   8.5850000e-01   9.9922314e-01
   8.5950000e-01   9.9924885e-01
   8.6050000e-01   9.9927319e-01
   8.6150000e-01   9.9929617e-01
   8.6250000e-01   9.9931782e-01
   8.6350000e-01   9.9933814e-01
   8.6450000e-01   9.9935717e-01
   8.6550000e-01   9.9937491e-01
   8.6650000e-01   9.9939138e-01
   8.6750000e-01   9.9940660e-01
   8.6850000e-01   9.9942060e-01
   8.6950000e-01   9.9943338e-01
   8.7050000e-01   9.9944496e-01
   8.7150000e-01   9.9945537e-01
   8.7250000e-01   9.9946462e-01
   8.7350000e-01   9.9947272e-01
   8.7450000e-01   9.9947969e-01
   8.7550000e-01   9.9948555e-01
   8.7650000e-01   9.9949032e-01
   8.7750000e-01   9.9949401e-01
   8.7850000e-01   9.9949664e-01
   8.7950000e-01   9.9949822e-01
   8.8050000e-01   9.9949878e-01
   8.8150000e-01   9.9949832e-01
   8.8250000e-01   9.9949686e-01
   8.8350000e-01   9.9949443e-01
   8.8450000e-01   9.9949103e-01
   8.8550000e-01   9.9948667e-01
   8.8650000e-01   9.9948138e-01
   8.8750000e-01   9.9947518e-01
   8.8850000e-01   9.9946807e-01
   8.8950000e-01   9.9946007e-01
   8.9050000e-01   9.9945119e-01
   8.9150000e-01   9.9944145e-01
   8.9250000e-01   9.9943087e-01
   8.9350000e-01   9.9941946e-01
   8.9450000e-01   9.9940724e-01
   8.9550000e-01   9.9939421e-01
   8.9650000e-01   9.9938039e-01
   8.9750000e-01   9.9936580e-01
   8.9850000e-01   9.9935046e-01
   8.9950000e-01   9.9933436e-01
   9.0050000e-01   9.9931753e-01
   9.0150000e-01   9.9929999e-01
   9.0250000e-01   9.9928174e-01
   9.0350000e-01   9.9926280e-01
   9.0450000e-01   9.9924318e-01
   9.0550000e-01   9.9922290e-01
   9.0650000e-01   9.9920196e-01
   9.0750000e-01   9.9918038e-01
   9.0850000e-01   9.9915818e-01
   9.0950000e-01   9.9913536e-01
   9.1050000e-01   9.9911195e-01
   9.1150000e-01   9.9908794e-01
   9.1250000e-01   9.9906336e-01
   9.1350000e-01   9.9903821e-01
   9.1450000e-01   9.9901251e-01
   9.1550000e-01   9.9898627e-01
   9.1650000e-01   9.9895950e-01
   9.1750000e-01   9.9893221e-01
   9.1850000e-01   9.9890442e-01
   9.1950000e-01   9.9887614e-01
   9.2050000e-01   9.9884738e-01
   9.2150000e-01   9.9881814e-01
   9.2250000e-01   9.9878844e-01
   9.2350000e-01   9.9875830e-01
   9.2450000e-01   9.9872772e-01
   9.2550000e-01   9.9869671e-01
   9.2650000e-01   9.9866528e-01
   9.2750000e-01   9.9863345e-01
   9.2850000e-01   9.9860123e-01
   9.2950000e-01   9.9856862e-01
   9.3050000e-01   9.9853564e-01
   9.3150000e-01   9.9850229e-01
   9.3250000e-01   9.9846859e-01
   9.3350000e-01   9.9843455e-01
   9.3450000e-01   9.9840017e-01
   9.3550000e-01   9.9836547e-01
   9.3650000e-01   9.9833046e-01
   9.3750000e-01   9.9829514e-01
   9.3850000e-01   9.9825952e-01
   9.3950000e-01   9.9822362e-01
   9.4050000e-01   9.9818745e-01
   9.4150000e-01   9.9815100e-01
   9.4250000e-01   9.9811430e-01
   9.4350000e-01   9.9807735e-01
   9.4450000e-01   9.9804016e-01
   9.4550000e-01   9.9800274e-01
   9.4650000e-01   9.9796509e-01
   9.4750000e-01   9.9792723e-01
   9.4850000e-01   9.9788917e-01
   9.4950000e-01   9.9785091e-01
   9.5050000e-01   9.9781246e-01
   9.5150000e-01   9.9777383e-01
   9.5250000e-01   9.9773502e-01
   9.5350000e-01   9.9769606e-01
   9.5450000e-01   9.9765693e-01
   9.5550000e-01   9.9761766e-01
   9.5650000e-01   9.9757825e-01
   9.5750000e-01   9.9753870e-01
   9.5850000e-01   9.9749903e-01
   9.5950000e-01   9.9745924e-01
   9.6050000e-01   9.9741933e-01
   9.6150000e-01   9.9737933e-01
   9.6250000e-01   9.9733923e-01
   9.6350000e-01   9.9729904e-01
   9.6450000e-01   9.9725876e-01
   9.6550000e-01   9.9721841e-01
   9.6650000e-01   9.9717800e-01
   9.6750000e-01   9.9713752e-01
   9.6850000e-01   9.9709698e-01
   9.6950000e-01   9.9705640e-01
   9.7050000e-01   9.9701578e-01
   9.7150000e-01   9.9697512e-01
   9.7250000e-01   9.9693443e-01
   9.7350000e-01   9.9689372e-01
   9.7450000e-01   9.9685299e-01
   9.7550000e-01   9.9681225e-01
   9.7650000e-01   9.9677151e-01
   9.7750000e-01   9.9673077e-01
   9.7850000e-01   9.9669003e-01
   9.7950000e-01   9.9664931e-01
   9.8050000e-01   9.9660860e-01
   9.8150000e-01   9.9656792e-01
   9.8250000e-01   9.9652727e-01
   9.8350000e-01   9.9648666e-01
   9.8450000e-01   9.9644609e-01
   9.8550000e-01   9.9640556e-01
   9.8650000e-01   9.9636508e-01
   9.8750000e-01   9.9632466e-01
   9.8850000e-01   9.9628430e-01
   9.8950000e-01   9.9624400e-01
   9.9050000e-01   9.9620378e-01
   9.9150000e-01   9.9616363e-01
   9.9250000e-01   9.9612357e-01
   9.9350000e-01   9.9608359e-01
   9.9450000e-01   9.9604370e-01
   9.9550000e-01   9.9600390e-01
   9.9650000e-01   9.9596420e-01
   9.9750000e-01   9.9592461e-01
   9.9850000e-01   9.9588512e-01
   9.9950000e-01   9.9584575e-01
   1.0005000e+00   9.9580649e-01
   1.0015000e+00   9.9576735e-01
   1.0025000e+00   9.9572834e-01
   1.0035000e+00   9.9568946e-01
   1.0045000e+00   9.9565071e-01
   1.0055000e+00   9.9561209e-01
   1.0065000e+00   9.9557361e-01
   1.0075000e+00   9.9553528e-01
   1.0085000e+00   9.9549710e-01
   1.0095000e+00   9.9545907e-01
   1.0105000e+00   9.9542119e-01
   1.0115000e+00   9.9538347e-01
   1.0125000e+00   9.9534591e-01
   1.0135000e+00   9.9530852e-01
   1.0145000e+00   9.9527129e-01
   1.0155000e+00   9.9523424e-01
   1.0165000e+00   9.9519736e-01
   1.0175000e+00   9.9516066e-01
   1.0185000e+00   9.9512413e-01
   1.0195000e+00   9.9508780e-01
   1.0205000e+00   9.9505165e-01
   1.0215000e+00   9.9501569e-01
   1.0225000e+00   9.9497992e-01
   1.0235000e+00   9.9494434e-01
   1.0245000e+00   9.9490897e-01
   1.0255000e+00   9.9487379e-01
   1.0265000e+00   9.9483882e-01
   1.0275000e+00   9.9480405e-01
   1.0285000e+00   9.9476950e-01
   1.0295000e+00   9.9473515e-01
   1.0305000e+00   9.9470101e-01
   1.0315000e+00   9.9466709e-01
   1.0325000e+00   9.9463339e-01
   1.0335000e+00   9.9459991e-01
   1.0345000e+00   9.9456665e-01
   1.0355000e+00   9.9453361e-01
   1.0365000e+00   9.9450080e-01
   1.0375000e+00   9.9446822e-01
   1.0385000e+00   9.9443587e-01
   1.0395000e+00   9.9440375e-01
   1.0405000e+00   9.9437186e-01
   1.0415000e+00   9.9434021e-01
   1.0425000e+00   9.9430879e-01
   1.0435000e+00   9.9427762e-01
   1.0445000e+00   9.9424669e-01
   1.0455000e+00   9.9421600e-01
   1.0465000e+00   9.9418555e-01
   1.0475000e+00   9.9415535e-01
   1.0485000e+00   9.9412539e-01
   1.0495000e+00   9.9409568e-01
   1.0505000e+00   9.9406623e-01
   1.0515000e+00   9.9403702e-01
   1.0525000e+00   9.9400807e-01
   1.0535000e+00   9.9397937e-01
   1.0545000e+00   9.9395093e-01
   1.0555000e+00   9.9392274e-01
   1.0565000e+00   9.9389481e-01
   1.0575000e+00   9.9386714e-01
   1.0585000e+00   9.9383972e-01
   1.0595000e+00   9.9381257e-01
   1.0605000e+00   9.9378568e-01
   1.0615000e+00   9.9375905e-01
   1.0625000e+00   9.9373269e-01
   1.0635000e+00   9.9370659e-01
   1.0645000e+00   9.9368075e-01
   1.0655000e+00   9.9365518e-01
   1.0665000e+00   9.9362988e-01
   1.0675000e+00   9.9360484e-01
   1.0685000e+00   9.9358008e-01
   1.0695000e+00   9.9355558e-01
   1.0705000e+00   9.9353135e-01
   1.0715000e+00   9.9350739e-01
   1.0725000e+00   9.9348370e-01
   1.0735000e+00   9.9346028e-01
   1.0745000e+00   9.9343713e-01
   1.0755000e+00   9.9341425e-01
   1.0765000e+00   9.9339164e-01
   1.0775000e+00   9.9336931e-01
   1.0785000e+00   9.9334725e-01
   1.0795000e+00   9.9332546e-01
   1.0805000e+00   9.9330395e-01
   1.0815000e+00   9.9328271e-01
   1.0825000e+00   9.9326174e-01
   1.0835000e+00   9.9324105e-01
   1.0845000e+00   9.9322063e-01
   1.0855000e+00   9.9320048e-01
   1.0865000e+00   9.9318061e-01
   1.0875000e+00   9.9316101e-01
   1.0885000e+00   9.9314169e-01
   1.0895000e+00   9.9312264e-01
   1.0905000e+00   9.9310387e-01
   1.0915000e+00   9.9308536e-01
   1.0925000e+00   9.9306714e-01
   1.0935000e+00   9.9304918e-01
   1.0945000e+00   9.9303150e-01
   1.0955000e+00   9.9301410e-01
   1.0965000e+00   9.9299696e-01
   1.0975000e+00   9.9298010e-01
   1.0985000e+00   9.9296351e-01
   1.0995000e+00   9.9294720e-01
   1.1005000e+00   9.9293115e-01
   1.1015000e+00   9.9291538e-01
   1.1025000e+00   9.9289988e-01
   1.1035000e+00   9.9288465e-01
   1.1045000e+00   9.9286969e-01
   1.1055000e+00   9.9285500e-01
   1.1065000e+00   9.9284058e-01
   1.1075000e+00   9.9282643e-01
   1.1085000e+00   9.9281254e-01
   1.1095000e+00   9.9279893e-01
   1.1105000e+00   9.9278558e-01
   1.1115000e+00   9.9277250e-01
   1.1125000e+00   9.9275969e-01
   1.1135000e+00   9.9274714e-01
   1.1145000e+00   9.9273486e-01
   1.1155000e+00   9.9272284e-01
   1.1165000e+00   9.9271108e-01
   1.1175000e+00   9.9269959e-01
   1.1185000e+00   9.9268836e-01
   1.1195000e+00   9.9267739e-01
   1.1205000e+00   9.9266668e-01
   1.1215000e+00   9.9265623e-01
   1.1225000e+00   9.9264604e-01
   1.1235000e+00   9.9263611e-01
   1.1245000e+00   9.9262644e-01
   1.1255000e+00   9.9261702e-01
   1.1265000e+00   9.9260786e-01
   1.1275000e+00   9.9259895e-01
   1.1285000e+00   9.9259030e-01
   1.1295000e+00   9.9258190e-01
   1.1305000e+00   9.9257376e-01
   1.1315000e+00   9.9256586e-01
   1.1325000e+00   9.9255821e-01
   1.1335000e+00   9.9255082e-01
   1.1345000e+00   9.9254367e-01
   1.1355000e+00   9.9253676e-01
   1.1365000e+00   9.9253011e-01
   1.1375000e+00   9.9252370e-01
   1.1385000e+00   9.9251753e-01
   1.1395000e+00   9.9251160e-01
   1.1405000e+00   9.9250592e-01
   1.1415000e+00   9.9250048e-01
   1.1425000e+00   9.9249528e-01
   1.1435000e+00   9.9249031e-01
   1.1445000e+00   9.9248559e-01
   1.1455000e+00   9.9248109e-01
   1.1465000e+00   9.9247684e-01
   1.1475000e+00   9.9247282e-01
   1.1485000e+00   9.9246902e-01
   1.1495000e+00   9.9246547e-01
   1.1505000e+00   9.9246214e-01
   1.1515000e+00   9.9245904e-01
   1.1525000e+00   9.9245616e-01
   1.1535000e+00   9.9245352e-01
   1.1545000e+00   9.9245110e-01
   1.1555000e+00   9.9244890e-01
   1.1565000e+00   9.9244692e-01
   1.1575000e+00   9.9244517e-01
   1.1585000e+00   9.9244363e-01
   1.1595000e+00   9.9244232e-01
   1.1605000e+00   9.9244122e-01
   1.1615000e+00   9.9244034e-01
   1.1625000e+00   9.9243967e-01
   1.1635000e+00   9.9243921e-01
   1.1645000e+00   9.9243897e-01
   1.1655000e+00   9.9243894e-01
   1.1665000e+00   9.9243911e-01
   1.1675000e+00   9.9243949e-01
   1.1685000e+00   9.9244008e-01
   1.1695000e+00   9.9244088e-01
   1.1705000e+00   9.9244188e-01
   1.1715000e+00   9.9244308e-01
   1.1725000e+00   9.9244448e-01
   1.1735000e+00   9.9244607e-01
   1.1745000e+00   9.9244787e-01
   1.1755000e+00   9.9244986e-01
   1.1765000e+00   9.9245205e-01
   1.1775000e+00   9.9245443e-01
   1.1785000e+00   9.9245701e-01
   1.1795000e+00   9.9245977e-01
   1.1805000e+00   9.9246272e-01
   1.1815000e+00   9.9246586e-01
   1.1825000e+00   9.9246918e-01
   1.1835000e+00   9.9247269e-01
   1.1845000e+00   9.9247638e-01
   1.1855000e+00   9.9248026e-01
   1.1865000e+00   9.9248431e-01
   1.1875000e+00   9.9248854e-01
   1.1885000e+00   9.9249295e-01
   1.1895000e+00   9.9249754e-01
   1.1905000e+00   9.9250229e-01
   1.1915000e+00   9.9250722e-01
   1.1925000e+00   9.9251232e-01
   1.1935000e+00   9.9251759e-01
   1.1945000e+00   9.9252303e-01
   1.1955000e+00   9.9252863e-01
   1.1965000e+00   9.9253440e-01
   1.1975000e+00   9.9254033e-01
   1.1985000e+00   9.9254642e-01
   1.1995000e+00   9.9255267e-01
   1.2005000e+00   9.9255908e-01
   1.2015000e+00   9.9256565e-01
   1.2025000e+00   9.9257237e-01
   1.2035000e+00   9.9257925e-01
   1.2045000e+00   9.9258628e-01
   1.2055000e+00   9.9259345e-01
   1.2065000e+00   9.9260078e-01
   1.2075000e+00   9.9260825e-01
   1.2085000e+00   9.9261587e-01
   1.2095000e+00   9.9262364e-01
   1.2105000e+00   9.9263155e-01
   1.2115000e+00   9.9263959e-01
   1.2125000e+00   9.9264778e-01
   1.2135000e+00   9.9265611e-01
   1.2145000e+00   9.9266457e-01
   1.2155000e+00   9.9267316e-01
   1.2165000e+00   9.9268189e-01
   1.2175000e+00   9.9269075e-01
   1.2185000e+00   9.9269974e-01
   1.2195000e+00   9.9270886e-01
   1.2205000e+00   9.9271811e-01
   1.2215000e+00   9.9272748e-01
   1.2225000e+00   9.9273697e-01
   1.2235000e+00   9.9274659e-01
   1.2245000e+00   9.9275633e-01
   1.2255000e+00   9.9276618e-01
   1.2265000e+00   9.9277616e-01
   1.2275000e+00   9.9278625e-01
   1.2285000e+00   9.9279645e-01
   1.2295000e+00   9.9280677e-01
   1.2305000e+00   9.9281719e-01
   1.2315000e+00   9.9282773e-01
   1.2325000e+00   9.9283837e-01
   1.2335000e+00   9.9284913e-01
   1.2345000e+00   9.9285998e-01
   1.2355000e+00   9.9287094e-01
   1.2365000e+00   9.9288200e-01
   1.2375000e+00   9.9289316e-01
   1.2385000e+00   9.9290442e-01
   1.2395000e+00   9.9291578e-01
   1.2405000e+00   9.9292723e-01
   1.2415000e+00   9.9293878e-01
   1.2425000e+00   9.9295042e-01
   1.2435000e+00   9.9296215e-01
   1.2445000e+00   9.9297396e-01
   1.2455000e+00   9.9298587e-01
   1.2465000e+00   9.9299786e-01
   1.2475000e+00   9.9300994e-01
   1.2485000e+00   9.9302210e-01
   1.2495000e+00   9.9303434e-01
   1.2505000e+00   9.9304667e-01
   1.2515000e+00   9.9305907e-01
   1.2525000e+00   9.9307155e-01
   1.2535000e+00   9.9308410e-01
   1.2545000e+00   9.9309673e-01
   1.2555000e+00   9.9310943e-01
   1.2565000e+00   9.9312220e-01
   1.2575000e+00   9.9313504e-01
   1.2585000e+00   9.9314795e-01
   1.2595000e+00   9.9316093e-01
   1.2605000e+00   9.9317397e-01
   1.2615000e+00   9.9318708e-01
   1.2625000e+00   9.9320024e-01
   1.2635000e+00   9.9321347e-01
   1.2645000e+00   9.9322676e-01
   1.2655000e+00   9.9324011e-01
   1.2665000e+00   9.9325351e-01
   1.2675000e+00   9.9326697e-01
   1.2685000e+00   9.9328048e-01
   1.2695000e+00   9.9329404e-01
   1.2705000e+00   9.9330765e-01
   1.2715000e+00   9.9332132e-01
   1.2725000e+00   9.9333503e-01
   1.2735000e+00   9.9334878e-01
   1.2745000e+00   9.9336259e-01
   1.2755000e+00   9.9337643e-01
   1.2765000e+00   9.9339032e-01
   1.2775000e+00   9.9340425e-01
   1.2785000e+00   9.9341822e-01
   1.2795000e+00   9.9343222e-01
   1.2805000e+00   9.9344627e-01
   1.2815000e+00   9.9346034e-01
   1.2825000e+00   9.9347446e-01
   1.2835000e+00   9.9348860e-01
   1.2845000e+00   9.9350278e-01
   1.2855000e+00   9.9351698e-01
   1.2865000e+00   9.9353122e-01
   1.2875000e+00   9.9354548e-01
   1.2885000e+00   9.9355976e-01
   1.2895000e+00   9.9357408e-01
   1.2905000e+00   9.9358841e-01
   1.2915000e+00   9.9360277e-01
   1.2925000e+00   9.9361714e-01
   1.2935000e+00   9.9363154e-01
   1.2945000e+00   9.9364595e-01
   1.2955000e+00   9.9366039e-01
   1.2965000e+00   9.9367483e-01
   1.2975000e+00   9.9368929e-01
   1.2985000e+00   9.9370377e-01
   1.2995000e+00   9.9371825e-01
   1.3005000e+00   9.9373275e-01
   1.3015000e+00   9.9374725e-01
   1.3025000e+00   9.9376176e-01
   1.3035000e+00   9.9377628e-01
   1.3045000e+00   9.9379081e-01
   1.3055000e+00   9.9380534e-01
   1.3065000e+00   9.9381987e-01
   1.3075000e+00   9.9383440e-01
   1.3085000e+00   9.9384894e-01
   1.3095000e+00   9.9386347e-01
   1.3105000e+00   9.9387800e-01
   1.3115000e+00   9.9389253e-01
   1.3125000e+00   9.9390705e-01
   1.3135000e+00   9.9392157e-01
   1.3145000e+00   9.9393609e-01
   1.3155000e+00   9.9395059e-01
   1.3165000e+00   9.9396509e-01
   1.3175000e+00   9.9397957e-01
   1.3185000e+00   9.9399405e-01
   1.3195000e+00   9.9400851e-01
   1.3205000e+00   9.9402296e-01
   1.3215000e+00   9.9403740e-01
   1.3225000e+00   9.9405181e-01
   1.3235000e+00   9.9406622e-01
   1.3245000e+00   9.9408060e-01
   1.3255000e+00   9.9409497e-01
   1.3265000e+00   9.9410932e-01
   1.3275000e+00   9.9412364e-01
   1.3285000e+00   9.9413795e-01
   1.3295000e+00   9.9415223e-01
   1.3305000e+00   9.9416649e-01
   1.3315000e+00   9.9418072e-01
   1.3325000e+00   9.9419492e-01
   1.3335000e+00   9.9420910e-01
   1.3345000e+00   9.9422325e-01
   1.3355000e+00   9.9423737e-01
   1.3365000e+00   9.9425147e-01
   1.3375000e+00   9.9426553e-01
   1.3385000e+00   9.9427955e-01
   1.3395000e+00   9.9429355e-01
   1.3405000e+00   9.9430751e-01
   1.3415000e+00   9.9432144e-01
   1.3425000e+00   9.9433533e-01
   1.3435000e+00   9.9434918e-01
   1.3445000e+00   9.9436299e-01
   1.3455000e+00   9.9437677e-01
   1.3465000e+00   9.9439051e-01
   1.3475000e+00   9.9440421e-01
   1.3485000e+00   9.9441786e-01
   1.3495000e+00   9.9443147e-01
   1.3505000e+00   9.9444504e-01
   1.3515000e+00   9.9445857e-01
   1.3525000e+00   9.9447205e-01
   1.3535000e+00   9.9448548e-01
   1.3545000e+00   9.9449887e-01
   1.3555000e+00   9.9451221e-01
   1.3565000e+00   9.9452550e-01
   1.3575000e+00   9.9453875e-01
   1.3585000e+00   9.9455194e-01
   1.3595000e+00   9.9456508e-01
   1.3605000e+00   9.9457817e-01
   1.3615000e+00   9.9459121e-01
   1.3625000e+00   9.9460419e-01
   1.3635000e+00   9.9461712e-01
   1.3645000e+00   9.9463000e-01
   1.3655000e+00   9.9464282e-01
   1.3665000e+00   9.9465558e-01
   1.3675000e+00   9.9466829e-01
   1.3685000e+00   9.9468094e-01
   1.3695000e+00   9.9469353e-01
   1.3705000e+00   9.9470606e-01
   1.3715000e+00   9.9471853e-01
   1.3725000e+00   9.9473094e-01
   1.3735000e+00   9.9474329e-01
   1.3745000e+00   9.9475557e-01
   1.3755000e+00   9.9476780e-01
   1.3765000e+00   9.9477996e-01
   1.3775000e+00   9.9479205e-01
   1.3785000e+00   9.9480408e-01
   1.3795000e+00   9.9481605e-01
   1.3805000e+00   9.9482795e-01
   1.3815000e+00   9.9483978e-01
   1.3825000e+00   9.9485155e-01
   1.3835000e+00   9.9486324e-01
   1.3845000e+00   9.9487487e-01
   1.3855000e+00   9.9488643e-01
   1.3865000e+00   9.9489792e-01
   1.3875000e+00   9.9490934e-01
   1.3885000e+00   9.9492068e-01
   1.3895000e+00   9.9493196e-01
   1.3905000e+00   9.9494316e-01
   1.3915000e+00   9.9495429e-01
   1.3925000e+00   9.9496535e-01
   1.3935000e+00   9.9497633e-01
   1.3945000e+00   9.9498724e-01
   1.3955000e+00   9.9499807e-01
   1.3965000e+00   9.9500883e-01
   1.3975000e+00   9.9501951e-01
   1.3985000e+00   9.9503012e-01
   1.3995000e+00   9.9504065e-01
   1.4005000e+00   9.9505110e-01
   1.4015000e+00   9.9506147e-01
   1.4025000e+00   9.9507176e-01
   1.4035000e+00   9.9508198e-01
   1.4045000e+00   9.9509211e-01
   1.4055000e+00   9.9510217e-01
   1.4065000e+00   9.9511214e-01
   1.4075000e+00   9.9512204e-01
   1.4085000e+00   9.9513185e-01
   1.4095000e+00   9.9514158e-01
   1.4105000e+00   9.9515123e-01
   1.4115000e+00   9.9516080e-01
   1.4125000e+00   9.9517028e-01
   1.4135000e+00   9.9517968e-01
   1.4145000e+00   9.9518900e-01
   1.4155000e+00   9.9519823e-01
   1.4165000e+00   9.9520738e-01
   1.4175000e+00   9.9521644e-01
   1.4185000e+00   9.9522542e-01
   1.4195000e+00   9.9523431e-01
   1.4205000e+00   9.9524311e-01
   1.4215000e+00   9.9525183e-01
   1.4225000e+00   9.9526047e-01
   1.4235000e+00   9.9526901e-01
   1.4245000e+00   9.9527747e-01
   1.4255000e+00   9.9528584e-01
   1.4265000e+00   9.9529413e-01
   1.4275000e+00   9.9530232e-01
   1.4285000e+00   9.9531043e-01
   1.4295000e+00   9.9531845e-01
   1.4305000e+00   9.9532637e-01
   1.4315000e+00   9.9533421e-01
   1.4325000e+00   9.9534196e-01
   1.4335000e+00   9.9534962e-01
   1.4345000e+00   9.9535719e-01
   1.4355000e+00   9.9536467e-01
   1.4365000e+00   9.9537206e-01
   1.4375000e+00   9.9537936e-01
   1.4385000e+00   9.9538657e-01
   1.4395000e+00   9.9539368e-01
   1.4405000e+00   9.9540071e-01
   1.4415000e+00   9.9540764e-01
   1.4425000e+00   9.9541448e-01
   1.4435000e+00   9.9542123e-01
   1.4445000e+00   9.9542788e-01
   1.4455000e+00   9.9543445e-01
   1.4465000e+00   9.9544092e-01
   1.4475000e+00   9.9544730e-01
   1.4485000e+00   9.9545358e-01
   1.4495000e+00   9.9545978e-01
   1.4505000e+00   9.9546588e-01
   1.4515000e+00   9.9547188e-01
   1.4525000e+00   9.9547780e-01
   1.4535000e+00   9.9548362e-01
   1.4545000e+00   9.9548934e-01
   1.4555000e+00   9.9549497e-01
   1.4565000e+00   9.9550051e-01
   1.4575000e+00   9.9550595e-01
   1.4585000e+00   9.9551130e-01
   1.4595000e+00   9.9551656e-01
   1.4605000e+00   9.9552172e-01
   1.4615000e+00   9.9552679e-01
   1.4625000e+00   9.9553176e-01
   1.4635000e+00   9.9553664e-01
   1.4645000e+00   9.9554142e-01
   1.4655000e+00   9.9554611e-01
   1.4665000e+00   9.9555070e-01
   1.4675000e+00   9.9555520e-01
   1.4685000e+00   9.9555961e-01
   1.4695000e+00   9.9556392e-01
   1.4705000e+00   9.9556813e-01
   1.4715000e+00   9.9557226e-01
   1.4725000e+00   9.9557628e-01
   1.4735000e+00   9.9558021e-01
   1.4745000e+00   9.9558405e-01
   1.4755000e+00   9.9558779e-01
   1.4765000e+00   9.9559144e-01
   1.4775000e+00   9.9559499e-01
   1.4785000e+00   9.9559845e-01
   1.4795000e+00   9.9560181e-01
   1.4805000e+00   9.9560508e-01
   1.4815000e+00   9.9560825e-01
   1.4825000e+00   9.9561133e-01
   1.4835000e+00   9.9561432e-01
   1.4845000e+00   9.9561721e-01
   1.4855000e+00   9.9562000e-01
   1.4865000e+00   9.9562270e-01
   1.4875000e+00   9.9562531e-01
   1.4885000e+00   9.9562782e-01
   1.4895000e+00   9.9563024e-01
   1.4905000e+00   9.9563257e-01
   1.4915000e+00   9.9563480e-01
   1.4925000e+00   9.9563694e-01
   1.4935000e+00   9.9563898e-01
   1.4945000e+00   9.9564093e-01
   1.4955000e+00   9.9564279e-01
   1.4965000e+00   9.9564455e-01
   1.4975000e+00   9.9564622e-01
   1.4985000e+00   9.9564780e-01
   1.4995000e+00   9.9564929e-01
   1.5005000e+00   9.9565068e-01
   1.5015000e+00   9.9565198e-01
   1.5025000e+00   9.9565318e-01
   1.5035000e+00   9.9565430e-01
   1.5045000e+00   9.9565532e-01
   1.5055000e+00   9.9565625e-01
   1.5065000e+00   9.9565709e-01
   1.5075000e+00   9.9565784e-01
   1.5085000e+00   9.9565849e-01
   1.5095000e+00   9.9565906e-01
   1.5105000e+00   9.9565953e-01
   1.5115000e+00   9.9565991e-01
   1.5125000e+00   9.9566020e-01
   1.5135000e+00   9.9566040e-01
   1.5145000e+00   9.9566052e-01
   1.5155000e+00   9.9566054e-01
   1.5165000e+00   9.9566047e-01
   1.5175000e+00   9.9566031e-01
   1.5185000e+00   9.9566006e-01
   1.5195000e+00   9.9565972e-01
   1.5205000e+00   9.9565930e-01
   1.5215000e+00   9.9565878e-01
   1.5225000e+00   9.9565818e-01
   1.5235000e+00   9.9565749e-01
   1.5245000e+00   9.9565671e-01
   1.5255000e+00   9.9565584e-01
   1.5265000e+00   9.9565488e-01
   1.5275000e+00   9.9565384e-01
   1.5285000e+00   9.9565271e-01
   1.5295000e+00   9.9565150e-01
   1.5305000e+00   9.9565020e-01
   1.5315000e+00   9.9564881e-01
   1.5325000e+00   9.9564733e-01
   1.5335000e+00   9.9564577e-01
   1.5345000e+00   9.9564413e-01
   1.5355000e+00   9.9564240e-01
   1.5365000e+00   9.9564059e-01
   1.5375000e+00   9.9563869e-01
   1.5385000e+00   9.9563670e-01
   1.5395000e+00   9.9563464e-01
   1.5405000e+00   9.9563249e-01
   1.5415000e+00   9.9563025e-01
   1.5425000e+00   9.9562794e-01
   1.5435000e+00   9.9562554e-01
   1.5445000e+00   9.9562306e-01
   1.5455000e+00   9.9562050e-01
   1.5465000e+00   9.9561785e-01
   1.5475000e+00   9.9561513e-01
   1.5485000e+00   9.9561232e-01
   1.5495000e+00   9.9560943e-01
   1.5505000e+00   9.9560647e-01
   1.5515000e+00   9.9560342e-01
   1.5525000e+00   9.9560029e-01
   1.5535000e+00   9.9559709e-01
   1.5545000e+00   9.9559380e-01
   1.5555000e+00   9.9559044e-01
   1.5565000e+00   9.9558700e-01
   1.5575000e+00   9.9558348e-01
   1.5585000e+00   9.9557989e-01
   1.5595000e+00   9.9557622e-01
   1.5605000e+00   9.9557247e-01
   1.5615000e+00   9.9556864e-01
   1.5625000e+00   9.9556474e-01
   1.5635000e+00   9.9556076e-01
   1.5645000e+00   9.9555671e-01
   1.5655000e+00   9.9555258e-01
   1.5665000e+00   9.9554838e-01
   1.5675000e+00   9.9554411e-01
   1.5685000e+00   9.9553976e-01
   1.5695000e+00   9.9553534e-01
   1.5705000e+00   9.9553085e-01
   1.5715000e+00   9.9552628e-01
   1.5725000e+00   9.9552164e-01
   1.5735000e+00   9.9551693e-01
   1.5745000e+00   9.9551215e-01
   1.5755000e+00   9.9550730e-01
   1.5765000e+00   9.9550238e-01
   1.5775000e+00   9.9549739e-01
   1.5785000e+00   9.9549233e-01
   1.5795000e+00   9.9548720e-01
   1.5805000e+00   9.9548200e-01
   1.5815000e+00   9.9547673e-01
   1.5825000e+00   9.9547140e-01
   1.5835000e+00   9.9546600e-01
   1.5845000e+00   9.9546053e-01
   1.5855000e+00   9.9545500e-01
   1.5865000e+00   9.9544939e-01
   1.5875000e+00   9.9544373e-01
   1.5885000e+00   9.9543800e-01
   1.5895000e+00   9.9543220e-01
   1.5905000e+00   9.9542634e-01
   1.5915000e+00   9.9542042e-01
   1.5925000e+00   9.9541443e-01
   1.5935000e+00   9.9540838e-01
   1.5945000e+00   9.9540227e-01
   1.5955000e+00   9.9539609e-01
   1.5965000e+00   9.9538986e-01
   1.5975000e+00   9.9538356e-01
   1.5985000e+00   9.9537720e-01
   1.5995000e+00   9.9537078e-01
   1.6005000e+00   9.9536431e-01
   1.6015000e+00   9.9535777e-01
   1.6025000e+00   9.9535117e-01
   1.6035000e+00   9.9534452e-01
   1.6045000e+00   9.9533781e-01
   1.6055000e+00   9.9533104e-01
   1.6065000e+00   9.9532421e-01
   1.6075000e+00   9.9531733e-01
   1.6085000e+00   9.9531039e-01
   1.6095000e+00   9.9530340e-01
   1.6105000e+00   9.9529635e-01
   1.6115000e+00   9.9528925e-01
   1.6125000e+00   9.9528209e-01
   1.6135000e+00   9.9527488e-01
   1.6145000e+00   9.9526761e-01
   1.6155000e+00   9.9526030e-01
   1.6165000e+00   9.9525293e-01
   1.6175000e+00   9.9524551e-01
   1.6185000e+00   9.9523804e-01
   1.6195000e+00   9.9523051e-01
   1.6205000e+00   9.9522294e-01
   1.6215000e+00   9.9521532e-01
   1.6225000e+00   9.9520765e-01
   1.6235000e+00   9.9519993e-01
   1.6245000e+00   9.9519216e-01
   1.6255000e+00   9.9518434e-01
   1.6265000e+00   9.9517648e-01
   1.6275000e+00   9.9516857e-01
   1.6285000e+00   9.9516061e-01
   1.6295000e+00   9.9515261e-01
   1.6305000e+00   9.9514456e-01
   1.6315000e+00   9.9513647e-01
   1.6325000e+00   9.9512833e-01
   1.6335000e+00   9.9512015e-01
   1.6345000e+00   9.9511193e-01
   1.6355000e+00   9.9510366e-01
   1.6365000e+00   9.9509535e-01
   1.6375000e+00   9.9508700e-01
   1.6385000e+00   9.9507861e-01
   1.6395000e+00   9.9507018e-01
   1.6405000e+00   9.9506170e-01
   1.6415000e+00   9.9505319e-01
   1.6425000e+00   9.9504464e-01
   1.6435000e+00   9.9503605e-01
   1.6445000e+00   9.9502742e-01
   1.6455000e+00   9.9501875e-01
   1.6465000e+00   9.9501005e-01
   1.6475000e+00   9.9500130e-01
   1.6485000e+00   9.9499253e-01
   1.6495000e+00   9.9498371e-01
   1.6505000e+00   9.9497487e-01
   1.6515000e+00   9.9496598e-01
   1.6525000e+00   9.9495706e-01
   1.6535000e+00   9.9494811e-01
   1.6545000e+00   9.9493913e-01
   1.6555000e+00   9.9493011e-01
   1.6565000e+00   9.9492106e-01
   1.6575000e+00   9.9491198e-01
   1.6585000e+00   9.9490287e-01
   1.6595000e+00   9.9489372e-01
   1.6605000e+00   9.9488455e-01
   1.6615000e+00   9.9487534e-01
   1.6625000e+00   9.9486611e-01
   1.6635000e+00   9.9485685e-01
   1.6645000e+00   9.9484756e-01
   1.6655000e+00   9.9483824e-01
   1.6665000e+00   9.9482890e-01
   1.6675000e+00   9.9481953e-01
   1.6685000e+00   9.9481013e-01
   1.6695000e+00   9.9480070e-01
   1.6705000e+00   9.9479126e-01
   1.6715000e+00   9.9478178e-01
   1.6725000e+00   9.9477228e-01
   1.6735000e+00   9.9476276e-01
   1.6745000e+00   9.9475322e-01
   1.6755000e+00   9.9474365e-01
   1.6765000e+00   9.9473406e-01
   1.6775000e+00   9.9472445e-01
   1.6785000e+00   9.9471482e-01
   1.6795000e+00   9.9470516e-01
   1.6805000e+00   9.9469549e-01
   1.6815000e+00   9.9468580e-01
   1.6825000e+00   9.9467609e-01
   1.6835000e+00   9.9466635e-01
   1.6845000e+00   9.9465660e-01
   1.6855000e+00   9.9464684e-01
   1.6865000e+00   9.9463705e-01
   1.6875000e+00   9.9462725e-01
   1.6885000e+00   9.9461744e-01
   1.6895000e+00   9.9460760e-01
   1.6905000e+00   9.9459775e-01
   1.6915000e+00   9.9458789e-01
   1.6925000e+00   9.9457801e-01
   1.6935000e+00   9.9456812e-01
   1.6945000e+00   9.9455822e-01
   1.6955000e+00   9.9454830e-01
   1.6965000e+00   9.9453837e-01
   1.6975000e+00   9.9452843e-01
   1.6985000e+00   9.9451848e-01
   1.6995000e+00   9.9450851e-01
   1.7005000e+00   9.9449854e-01
   1.7015000e+00   9.9448856e-01
   1.7025000e+00   9.9447856e-01
   1.7035000e+00   9.9446856e-01
   1.7045000e+00   9.9445855e-01
   1.7055000e+00   9.9444853e-01
   1.7065000e+00   9.9443851e-01
   1.7075000e+00   9.9442847e-01
   1.7085000e+00   9.9441843e-01
   1.7095000e+00   9.9440839e-01
   1.7105000e+00   9.9439834e-01
   1.7115000e+00   9.9438828e-01
   1.7125000e+00   9.9437822e-01
   1.7135000e+00   9.9436816e-01
   1.7145000e+00   9.9435809e-01
   1.7155000e+00   9.9434802e-01
   1.7165000e+00   9.9433794e-01
   1.7175000e+00   9.9432787e-01
   1.7185000e+00   9.9431779e-01
   1.7195000e+00   9.9430771e-01
   1.7205000e+00   9.9429763e-01
   1.7215000e+00   9.9428755e-01
   1.7225000e+00   9.9427747e-01
   1.7235000e+00   9.9426739e-01
   1.7245000e+00   9.9425731e-01
   1.7255000e+00   9.9424723e-01
   1.7265000e+00   9.9423715e-01
   1.7275000e+00   9.9422708e-01
   1.7285000e+00   9.9421701e-01
   1.7295000e+00   9.9420694e-01
   1.7305000e+00   9.9419688e-01
   1.7315000e+00   9.9418682e-01
   1.7325000e+00   9.9417676e-01
   1.7335000e+00   9.9416671e-01
   1.7345000e+00   9.9415667e-01
   1.7355000e+00   9.9414663e-01
   1.7365000e+00   9.9413660e-01
   1.7375000e+00   9.9412657e-01
   1.7385000e+00   9.9411656e-01
   1.7395000e+00   9.9410655e-01
   1.7405000e+00   9.9409654e-01
   1.7415000e+00   9.9408655e-01
   1.7425000e+00   9.9407657e-01
   1.7435000e+00   9.9406659e-01
   1.7445000e+00   9.9405663e-01
   1.7455000e+00   9.9404667e-01
   1.7465000e+00   9.9403673e-01
   1.7475000e+00   9.9402680e-01
   1.7485000e+00   9.9401688e-01
   1.7495000e+00   9.9400697e-01
   1.7505000e+00   9.9399707e-01
   1.7515000e+00   9.9398719e-01
   1.7525000e+00   9.9397732e-01
   1.7535000e+00   9.9396746e-01
   1.7545000e+00   9.9395762e-01
   1.7555000e+00   9.9394780e-01
   1.7565000e+00   9.9393798e-01
   1.7575000e+00   9.9392819e-01
   1.7585000e+00   9.9391841e-01
   1.7595000e+00   9.9390864e-01
   1.7605000e+00   9.9389889e-01
   1.7615000e+00   9.9388916e-01
   1.7625000e+00   9.9387945e-01
   1.7635000e+00   9.9386975e-01
   1.7645000e+00   9.9386008e-01
   1.7655000e+00   9.9385042e-01
   1.7665000e+00   9.9384078e-01
   1.7675000e+00   9.9383116e-01
   1.7685000e+00   9.9382156e-01
   1.7695000e+00   9.9381198e-01
   1.7705000e+00   9.9380242e-01
   1.7715000e+00   9.9379288e-01
   1.7725000e+00   9.9378337e-01
   1.7735000e+00   9.9377387e-01
   1.7745000e+00   9.9376440e-01
   1.7755000e+00   9.9375495e-01
   1.7765000e+00   9.9374552e-01
   1.7775000e+00   9.9373612e-01
   1.7785000e+00   9.9372674e-01
   1.7795000e+00   9.9371738e-01
   1.7805000e+00   9.9370805e-01
   1.7815000e+00   9.9369874e-01
   1.7825000e+00   9.9368946e-01
   1.7835000e+00   9.9368021e-01
   1.7845000e+00   9.9367098e-01
   1.7855000e+00   9.9366177e-01
   1.7865000e+00   9.9365260e-01
   1.7875000e+00   9.9364345e-01
   1.7885000e+00   9.9363433e-01
   1.7895000e+00   9.9362523e-01
   1.7905000e+00   9.9361617e-01
   1.7915000e+00   9.9360713e-01
   1.7925000e+00   9.9359812e-01
   1.7935000e+00   9.9358914e-01
   1.7945000e+00   9.9358019e-01
   1.7955000e+00   9.9357127e-01
   1.7965000e+00   9.9356238e-01
   1.7975000e+00   9.9355352e-01
   1.7985000e+00   9.9354469e-01
   1.7995000e+00   9.9353589e-01
   1.8005000e+00   9.9352713e-01
   1.8015000e+00   9.9351839e-01
   1.8025000e+00   9.9350969e-01
   1.8035000e+00   9.9350102e-01
   1.8045000e+00   9.9349238e-01
   1.8055000e+00   9.9348378e-01
   1.8065000e+00   9.9347521e-01
   1.8075000e+00   9.9346668e-01
   1.8085000e+00   9.9345817e-01
   1.8095000e+00   9.9344971e-01
   1.8105000e+00   9.9344127e-01
   1.8115000e+00   9.9343288e-01
   1.8125000e+00   9.9342452e-01
   1.8135000e+00   9.9341619e-01
   1.8145000e+00   9.9340790e-01
   1.8155000e+00   9.9339965e-01
   1.8165000e+00   9.9339143e-01
   1.8175000e+00   9.9338325e-01
   1.8185000e+00   9.9337511e-01
   1.8195000e+00   9.9336700e-01
   1.8205000e+00   9.9335894e-01
   1.8215000e+00   9.9335091e-01
   1.8225000e+00   9.9334292e-01
   1.8235000e+00   9.9333496e-01
   1.8245000e+00   9.9332705e-01
   1.8255000e+00   9.9331918e-01
   1.8265000e+00   9.9331135e-01
   1.8275000e+00   9.9330355e-01
   1.8285000e+00   9.9329580e-01
   1.8295000e+00   9.9328808e-01
   1.8305000e+00   9.9328041e-01
   1.8315000e+00   9.9327278e-01
   1.8325000e+00   9.9326519e-01
   1.8335000e+00   9.9325764e-01
   1.8345000e+00   9.9325014e-01
   1.8355000e+00   9.9324267e-01
   1.8365000e+00   9.9323525e-01
   1.8375000e+00   9.9322787e-01
   1.8385000e+00   9.9322053e-01
   1.8395000e+00   9.9321324e-01
   1.8405000e+00   9.9320599e-01
   1.8415000e+00   9.9319878e-01
   1.8425000e+00   9.9319162e-01
   1.8435000e+00   9.9318450e-01
   1.8445000e+00   9.9317742e-01
   1.8455000e+00   9.9317040e-01
   1.8465000e+00   9.9316341e-01
   1.8475000e+00   9.9315647e-01
   1.8485000e+00   9.9314958e-01
   1.8495000e+00   9.9314273e-01
   1.8505000e+00   9.9313592e-01
   1.8515000e+00   9.9312917e-01
   1.8525000e+00   9.9312246e-01
   1.8535000e+00   9.9311579e-01
   1.8545000e+00   9.9310918e-01
   1.8555000e+00   9.9310260e-01
   1.8565000e+00   9.9309608e-01
   1.8575000e+00   9.9308961e-01
   1.8585000e+00   9.9308318e-01
   1.8595000e+00   9.9307680e-01
   1.8605000e+00   9.9307046e-01
   1.8615000e+00   9.9306418e-01
   1.8625000e+00   9.9305795e-01
   1.8635000e+00   9.9305176e-01
   1.8645000e+00   9.9304562e-01
   1.8655000e+00   9.9303953e-01
   1.8665000e+00   9.9303349e-01
   1.8675000e+00   9.9302750e-01
   1.8685000e+00   9.9302156e-01
   1.8695000e+00   9.9301567e-01
   1.8705000e+00   9.9300983e-01
   1.8715000e+00   9.9300404e-01
   1.8725000e+00   9.9299830e-01
   1.8735000e+00   9.9299261e-01
   1.8745000e+00   9.9298697e-01
   1.8755000e+00   9.9298139e-01
   1.8765000e+00   9.9297585e-01
   1.8775000e+00   9.9297036e-01
   1.8785000e+00   9.9296493e-01
   1.8795000e+00   9.9295955e-01
   1.8805000e+00   9.9295422e-01
   1.8815000e+00   9.9294894e-01
   1.8825000e+00   9.9294372e-01
   1.8835000e+00   9.9293855e-01
   1.8845000e+00   9.9293342e-01
   1.8855000e+00   9.9292836e-01
   1.8865000e+00   9.9292334e-01
   1.8875000e+00   9.9291838e-01
   1.8885000e+00   9.9291347e-01
   1.8895000e+00   9.9290862e-01
   1.8905000e+00   9.9290382e-01
   1.8915000e+00   9.9289907e-01
   1.8925000e+00   9.9289437e-01
   1.8935000e+00   9.9288973e-01
   1.8945000e+00   9.9288515e-01
   1.8955000e+00   9.9288062e-01
   1.8965000e+00   9.9287614e-01
   1.8975000e+00   9.9287172e-01
   1.8985000e+00   9.9286735e-01
   1.8995000e+00   9.9286303e-01
   1.9005000e+00   9.9285878e-01
   1.9015000e+00   9.9285457e-01
   1.9025000e+00   9.9285042e-01
   1.9035000e+00   9.9284633e-01
   1.9045000e+00   9.9284229e-01
   1.9055000e+00   9.9283831e-01
   1.9065000e+00   9.9283439e-01
   1.9075000e+00   9.9283052e-01
   1.9085000e+00   9.9282670e-01
   1.9095000e+00   9.9282294e-01
   1.9105000e+00   9.9281924e-01
   1.9115000e+00   9.9281559e-01
   1.9125000e+00   9.9281200e-01
   1.9135000e+00   9.9280847e-01
   1.9145000e+00   9.9280499e-01
   1.9155000e+00   9.9280157e-01
   1.9165000e+00   9.9279821e-01
   1.9175000e+00   9.9279490e-01
   1.9185000e+00   9.9279165e-01
   1.9195000e+00   9.9278846e-01
   1.9205000e+00   9.9278532e-01
   1.9215000e+00   9.9278225e-01
   1.9225000e+00   9.9277923e-01
   1.9235000e+00   9.9277626e-01
   1.9245000e+00   9.9277336e-01
   1.9255000e+00   9.9277051e-01
   1.9265000e+00   9.9276772e-01
   1.9275000e+00   9.9276498e-01
   1.9285000e+00   9.9276231e-01
   1.9295000e+00   9.9275969e-01
   1.9305000e+00   9.9275713e-01
   1.9315000e+00   9.9275463e-01
   1.9325000e+00   9.9275219e-01
   1.9335000e+00   9.9274980e-01
   1.9345000e+00   9.9274747e-01
   1.9355000e+00   9.9274521e-01
   1.9365000e+00   9.9274299e-01
   1.9375000e+00   9.9274084e-01
   1.9385000e+00   9.9273875e-01
   1.9395000e+00   9.9273671e-01
   1.9405000e+00   9.9273474e-01
   1.9415000e+00   9.9273282e-01
   1.9425000e+00   9.9273096e-01
   1.9435000e+00   9.9272916e-01
   1.9445000e+00   9.9272742e-01
   1.9455000e+00   9.9272574e-01
   1.9465000e+00   9.9272411e-01
   1.9475000e+00   9.9272255e-01
   1.9485000e+00   9.9272104e-01
   1.9495000e+00   9.9271959e-01
   1.9505000e+00   9.9271821e-01
   1.9515000e+00   9.9271688e-01
   1.9525000e+00   9.9271561e-01
   1.9535000e+00   9.9271440e-01
   1.9545000e+00   9.9271324e-01
   1.9555000e+00   9.9271215e-01
   1.9565000e+00   9.9271112e-01
   1.9575000e+00   9.9271015e-01
   1.9585000e+00   9.9270923e-01
   1.9595000e+00   9.9270837e-01
   1.9605000e+00   9.9270758e-01
   1.9615000e+00   9.9270684e-01
   1.9625000e+00   9.9270616e-01
   1.9635000e+00   9.9270555e-01
   1.9645000e+00   9.9270499e-01
   1.9655000e+00   9.9270449e-01
   1.9665000e+00   9.9270405e-01
   1.9675000e+00   9.9270366e-01
   1.9685000e+00   9.9270334e-01
   1.9695000e+00   9.9270308e-01
   1.9705000e+00   9.9270288e-01
   1.9715000e+00   9.9270273e-01
   1.9725000e+00   9.9270265e-01
   1.9735000e+00   9.9270263e-01
   1.9745000e+00   9.9270266e-01
   1.9755000e+00   9.9270275e-01
   1.9765000e+00   9.9270291e-01
   1.9775000e+00   9.9270312e-01
   1.9785000e+00   9.9270339e-01
   1.9795000e+00   9.9270372e-01
   1.9805000e+00   9.9270411e-01
   1.9815000e+00   9.9270456e-01
   1.9825000e+00   9.9270507e-01
   1.9835000e+00   9.9270564e-01
   1.9845000e+00   9.9270627e-01
   1.9855000e+00   9.9270695e-01
   1.9865000e+00   9.9270770e-01
   1.9875000e+00   9.9270850e-01
   1.9885000e+00   9.9270937e-01
   1.9895000e+00   9.9271029e-01
   1.9905000e+00   9.9271127e-01
   1.9915000e+00   9.9271231e-01
   1.9925000e+00   9.9271341e-01
   1.9935000e+00   9.9271457e-01
   1.9945000e+00   9.9271579e-01
   1.9955000e+00   9.9271707e-01
   1.9965000e+00   9.9271840e-01
   1.9975000e+00   9.9271980e-01
   1.9985000e+00   9.9272125e-01
   1.9995000e+00   9.9272276e-01
